6224 43
4857 43
9049 57
16 30
7142 30
2831 18
1201 43
8930 30
6728 57
8107 43
1560 30
1202 30
73 43
5586 19
5122 30
2415 55
1783 21
1633 55
2620 55
5928 19
2113 41
7005 43
2562 30
1022 18
2732 30
5425 30
3992 30
9987 57
7642 30
810 5
6164 30
8754 43
3079 30
3798 30
8826 30
7765 18
98 18
2992 41
3357 18
7712 18
7914 5
6981 30
30 40
7112 18
8730 19
2678 40
9831 40
10065 30
2103 5
3607 18
5234 40
105 50
6733 19
5331 57
2024 39
8662 0
9736 55
10286 40
5245 40
1947 30
8451 30
2669 43
8270 21
5499 30
669 43
5271 43
2991 30
4561 30
7848 43
363 43
5716 57
4470 30
6516 55
1782 30
10337 19
2524 55
2901 40
1291 30
6295 43
4795 30
3753 18
7797 40
4884 19
8466 30
10029 30
8218 41
9322 57
2752 18
1442 40
4466 30
7895 43
2440 43
5198 18
5731 30
3077 30
4606 43
9061 19
1102 13
3934 43
8629 30
7193 30
6191 30
6899 30
7108 50
281 33
1354 5
7311 40
8168 30
10270 40
8268 30
8216 30
2855 30
9859 30
8397 40
8576 43
8623 4
8219 30
3340 30
6657 0
2007 30
5503 30
6003 43
2476 5
9742 19
10321 43
6592 30
1650 55
6387 30
6198 30
6888 18
7621 5
3080 40
8480 41
7475 30
1233 50
155 30
1105 30
2567 18
6431 43
9434 43
10265 30
9948 5
5446 28
3858 30
6324 30
8736 30
9996 5
335 30
9484 30
3218 43
9970 18
2226 43
3095 43
5784 30
1254 30
5767 40
4980 5
9350 30
7831 43
8853 30
3204 30
6030 19
618 5
3845 30
6056 55
2533 5
6483 30
5145 40
4676 30
10304 19
724 5
4801 19
6051 30
5011 30
3604 43
8481 40
1550 30
4452 30
352 43
9979 55
8750 30
664 30
7803 30
8353 30
5783 43
9159 30
1485 29
9562 30
10049 43
5964 5
7522 18
4280 43
1888 40
5786 30
7523 18
916 40
6204 30
3486 41
9366 55
6469 18
1544 49
2134 40
7715 30
9338 5
61 30
8818 0
592 43
8992 19
5713 43
6669 40
3175 19
9043 18
5438 30
2360 30
6901 18
697 43
9702 41
1924 30
2082 30
6038 50
10219 43
2981 30
4271 55
2195 30
887 43
4763 21
3988 30
7780 30
8206 18
92 18
9005 43
7877 30
7612 43
7175 39
1979 18
3829 30
8812 30
5961 40
8010 30
6075 5
199 19
7031 30
1794 43
10167 40
9468 19
1839 30
2169 5
8317 40
3545 30
1672 19
3578 30
3238 30
2951 30
10357 30
2996 30
3329 30
6986 30
9463 18
7116 30
10056 30
27 57
8702 18
9397 19
1141 30
9881 19
2185 43
2332 30
4511 18
6950 30
8484 30
5203 36
7016 30
7433 18
3760 30
4330 30
6991 43
10071 30
1327 43
10246 39
9356 18
5835 40
8203 18
5375 30
5673 40
551 57
5620 30
1744 30
1897 30
10235 19
5933 55
4793 43
1097 30
9981 43
1705 19
4076 4
8348 30
7298 30
1972 30
8492 40
929 40
4995 57
9405 43
9398 40
8453 30
4492 40
7617 30
3069 30
6278 30
3887 13
9712 30
2098 30
547 30
4199 18
9821 4
8388 40
544 43
9503 30
481 5
9587 30
2710 30
2660 55
5741 43
5811 29
8963 5
4609 43
6484 18
881 19
3274 30
5566 30
8876 40
9597 30
4216 40
5664 18
7861 40
10034 30
9647 40
563 30
4013 18
2783 30
7936 30
4661 30
2907 30
150 55
4833 27
5497 40
3849 40
6556 30
2214 43
6217 43
9409 30
8801 30
4967 43
6586 40
597 30
423 30
5756 43
276 4
2363 30
1114 43
7906 30
9726 30
6109 18
8006 19
7411 40
2172 30
2656 5
2980 30
7493 43
1480 30
2728 19
7183 40
3703 41
7279 5
9642 41
7467 30
3239 55
2319 19
5095 40
9649 19
6471 40
6775 23
7346 50
4717 30
3037 30
4477 19
4598 43
2260 43
5431 30
383 30
9364 46
1208 18
4831 30
8980 30
6085 18
7631 30
1991 30
7982 30
1808 30
7774 40
2790 57
4221 30
4247 43
8555 18
5460 40
2880 19
2190 43
5915 43
7952 18
7550 43
734 55
8516 43
2225 43
5589 18
8548 30
2448 18
201 30
4603 43
6342 18
2662 30
5156 19
971 43
3840 30
8144 30
8222 8
691 30
8628 43
4053 30
3731 30
9533 43
9174 30
1479 30
6305 40
1326 40
2097 30
5220 40
4339 18
6180 5
2333 57
3133 19
658 5
9713 43
8896 43
5488 5
5905 50
2153 30
1686 30
2679 40
1942 30
10117 55
7302 40
9055 5
7227 4
4830 19
2387 43
2140 30
5700 30
9554 30
1135 18
2513 40
6410 43
8514 30
8849 30
6236 43
6627 30
715 30
145 30
8920 30
4950 57
10173 40
4555 40
2407 43
7435 30
8731 5
5968 30
2763 50
3673 30
4576 43
2699 43
6609 18
5705 40
1187 30
171 31
8308 55
5283 40
5711 5
3728 18
2651 19
5557 19
1441 30
1264 30
7585 30
1425 30
2922 18
5448 57
4868 50
9014 5
5685 43
10363 43
4567 30
1600 30
1890 30
9986 30
1610 57
4111 18
5746 40
7361 30
8028 40
5195 40
8982 43
7135 5
9858 30
3779 30
2076 19
3264 43
6285 19
5823 30
7527 18
1234 5
2142 57
8473 5
4212 30
7105 30
9585 57
1498 30
6158 21
2259 46
1790 30
503 40
9212 30
4963 43
1146 57
8751 30
6655 40
6343 43
4758 19
9004 40
10135 43
6069 43
5593 30
3360 43
7924 40
9624 30
8212 40
7396 43
6579 19
7668 43
5808 30
4867 43
6857 43
6308 13
6465 30
1675 19
10253 30
4652 43
9885 43
1898 4
2335 19
9105 43
9606 30
8803 43
2517 30
2358 43
6566 43
5334 55
3210 19
5032 50
2786 43
3472 29
5958 43
8436 30
6113 30
6842 30
6891 30
7902 43
2264 55
1767 19
6662 19
8184 30
4912 30
8054 43
6270 30
6264 30
7748 30
3236 19
2585 30
5175 30
7124 30
1918 19
3900 30
9314 43
2482 30
371 19
5315 43
9290 30
6303 19
7863 0
6092 30
7802 55
7689 40
9041 19
8415 30
9973 43
7828 19
6146 30
8686 18
6133 30
7716 43
6312 43
173 30
255 30
3957 40
3805 18
3901 43
6671 30
6385 5
88 4
9898 30
3620 30
1993 30
9219 30
751 40
5403 30
8519 40
9111 18
1962 30
1240 40
9175 43
9514 30
1094 30
7420 30
1526 30
10266 5
4562 18
758 43
5354 57
2701 13
5955 30
6838 40
3372 30
9801 18
6978 43
7678 43
4923 30
9516 30
1876 57
7097 30
6667 43
5717 43
9358 30
1768 30
4461 57
5774 43
3623 30
2960 43
7162 40
10031 26
1156 30
7454 18
7290 40
3685 57
9617 43
4517 30
5457 19
8816 18
5969 30
7790 30
206 18
5306 30
7664 30
8290 30
9191 30
7619 30
7009 55
5893 18
9990 30
1199 28
7042 43
1607 19
8768 30
4944 5
7771 43
7374 30
7406 33
7286 40
6856 30
537 43
8568 0
7202 43
8389 43
4693 30
41 30
2138 40
977 57
8526 30
8653 18
7113 30
6680 30
2162 18
3759 49
9661 18
10201 27
4932 18
9532 43
732 30
10007 8
4117 43
2969 30
10129 30
7911 18
7830 30
418 30
3947 30
7165 30
2309 30
6742 30
289 43
3206 30
1083 50
5570 30
8483 40
2519 18
8573 40
6670 43
7272 41
3601 30
3509 55
7308 18
1080 40
6490 30
395 30
8379 18
4877 30
1279 43
9982 30
4823 19
120 21
10064 19
71 43
5150 30
1458 30
3532 30
10213 4
4765 43
8706 30
8949 43
3665 19
2242 43
4824 30
6580 30
2290 5
1834 40
804 40
10021 55
4838 30
6458 50
9482 30
7147 43
9101 18
5644 19
3484 40
9059 40
5943 40
3784 40
308 43
5677 30
3655 18
4114 30
4489 30
833 19
297 18
4094 29
332 30
8782 19
8779 40
3859 40
2343 43
6674 30
4439 30
3041 43
10243 43
1655 30
1471 41
2091 30
6747 19
5225 43
9469 43
7189 43
6596 30
9848 30
4153 30
3948 40
3768 43
4858 41
1357 30
4876 43
3682 19
7555 30
7445 30
3841 30
8372 18
2159 55
5151 30
8017 30
5770 30
4132 30
4714 30
7711 43
8900 40
1490 57
303 43
4956 30
1476 19
4870 55
327 30
7518 30
10036 30
5663 19
482 12
295 18
3057 30
2412 40
1331 5
468 40
8739 0
1272 4
3539 43
5532 43
8052 5
3726 18
3920 43
5925 43
232 55
1351 43
951 30
4112 30
265 18
9896 30
6124 30
6379 43
9530 28
3296 43
5693 43
4444 30
7637 30
959 30
3832 30
6964 5
1061 50
4329 30
7057 30
4347 55
9206 40
8424 30
9406 43
4070 30
4582 55
2070 30
5898 30
5360 18
4217 30
3514 43
2572 43
4187 43
5639 40
3025 18
1674 30
10211 19
4733 43
1090 43
5456 18
5232 29
1053 43
10309 30
1045 43
4841 30
1103 40
4292 18
8663 40
5196 30
6025 4
9722 43
8037 30
1294 30
5759 30
5066 43
60 43
4732 40
8138 30
7143 18
4191 43
2894 30
7412 40
1887 30
8767 30
8065 29
1492 55
8337 43
6760 19
1164 5
10008 30
8671 18
2325 21
538 30
5365 19
9416 30
3232 18
4696 30
7381 43
2020 55
4573 30
3644 19
945 40
8645 5
3441 30
2933 30
1785 30
2052 30
4623 30
3678 30
10344 41
6197 19
7977 30
2636 30
1657 43
2835 30
5582 4
2670 30
7721 30
8617 43
4108 55
8060 55
4797 30
7825 30
7385 43
9627 40
10137 43
8260 50
5637 43
4138 30
1299 50
1809 30
450 18
7932 30
9636 30
4634 30
3247 57
8084 43
807 30
6286 43
9143 41
5067 5
9502 30
6724 5
3138 5
3724 43
51 43
9670 5
10100 57
3307 43
484 19
5810 30
8455 18
4583 30
6547 30
3408 40
2952 55
3813 43
8276 50
3755 30
9761 43
6701 19
6115 55
4027 43
1071 40
8454 30
8759 19
246 43
6932 30
6852 30
6202 30
3740 30
8367 30
6078 7
9690 30
10058 40
3945 30
1142 30
1732 29
5070 30
7390 43
5235 30
3033 30
5740 30
5089 33
3051 57
7599 30
2401 21
1953 30
8830 55
6934 41
5090 30
5152 30
4256 30
9769 30
1487 19
9556 5
6911 43
2109 43
3995 30
553 40
8464 30
4095 43
8525 30
5127 30
5623 18
9960 19
1138 56
37 21
2633 30
5274 30
9559 41
10054 30
535 43
7705 19
6200 5
2429 0
5548 43
1966 55
2119 40
3055 41
471 43
942 30
6279 43
8150 30
1082 30
6517 30
1999 43
8991 57
6902 30
1683 30
9740 43
7737 30
2141 28
8160 19
2395 18
7377 19
1157 29
7532 30
7130 30
5411 30
1112 43
793 30
1859 43
4805 19
792 40
7688 30
930 30
9007 18
1716 40
1069 30
7854 4
3587 13
4705 5
3864 30
4849 5
8386 30
9918 5
5061 30
2747 30
6364 30
8741 21
8787 30
4548 30
3925 40
7086 30
760 30
6248 30
2403 40
7061 43
3569 43
7760 30
8981 30
4457 40
2655 18
2361 40
1469 30
9577 19
5725 30
2593 40
8567 30
849 30
7945 27
2738 30
8093 55
3629 5
3443 5
3212 43
5645 40
1248 40
82 43
2105 40
2977 41
7998 30
6437 40
976 55
10254 55
10295 57
5035 30
7366 30
1949 43
2596 5
8602 40
6225 30
9057 43
8211 30
6337 43
5039 30
2518 43
7908 30
3745 57
9631 30
10165 49
9455 40
1036 40
2515 40
926 43
8604 30
1255 18
8061 30
7634 43
8062 5
6773 41
2381 30
2506 30
9510 18
9739 43
404 43
1754 43
8802 30
3883 30
1288 40
2932 29
979 30
632 18
5209 40
6649 40
9383 55
128 5
7464 30
3482 19
2027 43
7969 43
2023 19
1499 55
7013 31
1132 43
6522 43
3327 43
2003 41
8506 40
6810 30
2219 40
3276 45
5390 39
9660 43
4922 30
3556 30
3275 30
4667 30
3199 40
7680 30
8931 18
1334 30
6965 43
356 30
8665 19
9747 30
177 30
791 28
10158 19
937 19
9764 43
865 30
4816 40
1957 19
238 30
453 40
4632 30
5093 30
2737 40
8198 5
6913 43
756 30
5115 50
958 5
1756 43
628 30
337 30
4726 57
8712 43
9561 30
1065 40
7717 30
1748 30
8240 19
8243 30
1555 30
3131 43
339 30
6184 43
4986 18
1520 30
8721 43
4475 30
639 30
9604 18
8890 30
9679 5
6835 40
9443 30
268 30
3935 19
294 43
1433 43
7055 40
900 43
5269 19
7535 30
3553 40
8092 21
10227 43
5322 30
6193 30
4616 30
9361 43
3776 30
9653 40
7306 57
3371 5
4578 21
2885 43
4951 55
4434 30
8539 30
1276 30
5921 43
5022 40
10072 30
9258 18
196 30
2990 41
8490 18
6781 13
7950 30
5613 40
5611 1
2793 55
6613 18
7616 30
3717 41
1126 40
1432 30
3938 43
1701 5
4976 57
385 19
8822 19
943 5
6935 43
3908 30
7338 19
3936 49
2210 40
212 18
9997 30
701 30
306 30
3817 40
1219 43
401 30
9457 30
2588 40
875 5
1989 19
9026 43
1324 30
7639 41
10097 30
4011 30
4093 49
9430 19
2773 40
3956 43
1612 30
5294 19
8580 30
2965 18
4769 30
3143 30
3856 30
6366 40
681 30
8528 30
960 30
630 19
623 43
4878 41
9052 30
4560 30
7324 41
981 40
9080 30
9239 40
6635 30
5515 28
4537 40
7768 18
5121 43
7889 40
2164 55
3713 40
97 40
1602 30
8047 30
4258 18
6478 57
4844 30
9236 40
9312 5
6943 57
6521 30
5074 19
6132 30
154 55
7708 40
2754 40
9450 43
4294 30
9500 43
3796 40
1853 30
8356 43
5371 43
6682 40
6723 19
4919 19
4218 19
4285 43
10221 19
4600 30
5686 49
9523 18
4424 55
4342 30
5182 5
1718 43
9908 30
8263 40
2467 50
4802 43
9302 30
7643 46
8828 43
818 43
2093 40
4626 43
8199 30
1940 19
9614 30
10123 40
8112 55
2861 5
8413 40
4325 43
3990 30
1622 55
4756 30
671 40
7592 43
1893 30
3974 30
2860 43
5316 30
7735 18
5869 19
8050 19
9787 30
8176 55
5256 18
757 30
8135 18
5804 30
8979 43
4848 30
1733 18
6256 30
8649 30
7301 8
2301 30
6824 57
7486 19
2963 18
7896 43
2496 55
7441 40
7138 40
719 18
3466 41
7909 18
9140 43
7115 5
7492 5
1826 30
4193 55
4906 30
7687 43
533 19
298 40
3549 30
9782 5
7978 30
526 18
3293 30
25 30
3519 43
4378 55
6153 39
5789 37
1789 43
3134 43
4267 4
293 55
653 19
2915 18
4446 30
9916 30
688 57
2863 43
2554 30
406 4
1986 43
1493 57
1066 40
3141 30
459 30
4426 29
3541 30
883 30
4597 43
6237 19
10010 30
9051 30
6034 30
1856 43
3506 2
9165 30
3325 30
6205 43
5344 55
826 43
524 40
460 30
3266 43
966 43
6464 40
6541 43
6526 30
5301 30
8087 5
6868 1
3762 40
10151 43
9001 19
1812 50
225 40
5538 43
505 43
7257 30
2744 18
10308 40
3596 30
4879 18
8140 30
6628 5
2465 30
6740 30
7636 30
40 5
8025 30
6929 18
543 5
1595 19
4144 30
3283 53
4729 57
9426 30
8770 43
9813 5
5062 43
3773 19
7314 19
3097 43
2583 19
1687 19
2552 43
9271 30
2735 43
5720 19
9755 18
4952 43
1475 40
5696 25
2765 19
4302 5
2192 5
9296 49
5451 40
8824 43
4393 19
4675 30
9798 43
2173 5
5604 5
8582 43
9305 19
6617 55
877 19
1792 30
8841 43
5069 41
4558 43
4174 30
3959 19
5402 40
2734 43
2086 18
4787 19
4981 41
8852 43
2241 30
6548 43
8172 30
709 5
5204 43
2444 13
9994 30
636 18
7752 30
8714 55
674 43
9946 50
4220 40
850 30
1431 19
55 30
1175 43
189 5
8745 18
7640 19
8873 30
3654 55
8657 43
372 43
6623 40
5539 30
266 55
9456 19
3597 40
828 18
5476 30
3217 50
864 30
4636 18
1293 43
5250 30
8541 40
2125 30
3254 43
8161 43
6452 56
9825 30
1262 30
8959 43
8688 30
7398 40
6690 18
7068 18
3520 43
427 55
923 30
9954 50
6438 43
3167 30
8955 19
6711 5
9145 57
9611 30
1710 19
2060 30
3229 30
6605 19
1179 43
3878 43
4530 43
1567 40
494 19
1196 18
7268 19
5469 43
3268 30
3418 40
7313 43
5308 40
7608 30
3884 43
8744 30
6805 30
7546 15
4710 30
1379 43
5492 5
342 50
9807 5
5649 30
1335 18
2768 19
7317 26
1802 40
10035 30
5132 40
3374 30
3001 21
4109 30
458 40
1232 43
4739 40
7974 30
1954 43
7559 43
420 19
9589 30
136 5
8246 18
2171 19
6663 43
6916 30
1945 18
7723 30
6612 57
3286 43
6332 30
1825 43
218 19
1113 30
9002 30
5698 30
6787 40
6077 40
1917 43
9137 30
7981 43
7749 40
1402 30
2801 55
9692 19
7032 18
5863 41
1239 30
6506 0
2019 30
4365 57
6689 2
9077 43
368 18
6626 40
10154 55
9024 43
4694 43
2306 43
6914 33
1708 30
6980 18
9727 43
3109 43
280 30
2887 30
5858 30
1137 30
1685 18
3006 30
5165 18
9655 55
10200 55
394 21
9345 43
8123 43
8411 21
1451 5
9689 43
2053 43
6254 18
919 43
6473 40
7160 43
8226 29
5930 30
176 43
7470 43
6055 43
8069 18
3125 5
6946 43
5085 19
1456 18
7938 30
6228 30
6371 30
7480 30
4895 19
6511 5
948 30
6915 18
8319 19
2223 19
603 18
7506 43
8624 30
9630 30
6397 40
8448 18
5130 30
6447 30
4233 30
7822 21
2945 43
3279 43
2108 43
4662 55
9957 43
5829 30
6441 30
7219 18
6958 5
9888 43
2237 40
4523 1
4695 43
8324 40
6668 5
138 43
4333 30
9867 40
3220 40
918 30
1690 30
3468 55
10247 43
4665 40
7512 26
3375 18
9893 5
6523 30
3772 55
7865 30
4883 55
3176 43
6194 30
1811 19
1731 21
2227 19
6425 30
7452 19
4438 19
4100 43
7063 5
2273 30
8131 19
9183 19
1665 30
6255 55
1659 43
5891 30
6641 30
7151 30
6585 30
3032 30
6957 43
86 5
1920 40
2527 19
2006 30
5872 30
10291 30
8299 18
8774 40
4007 30
7319 30
4350 55
2914 43
10320 43
1704 5
4803 30
7126 18
6325 43
3570 5
5109 5
2840 18
1130 30
7992 30
9633 30
620 43
6411 19
8749 40
6833 26
7154 30
3420 43
5578 56
9318 45
10012 30
9133 30
7073 30
5313 57
8399 21
9578 30
5092 21
4001 30
2619 30
7231 30
5940 30
2900 43
2131 30
6399 5
3324 30
745 40
2174 30
8797 30
8790 40
10339 40
4024 30
5850 43
2487 43
8427 30
10050 5
3461 40
986 43
9501 30
6971 18
6583 30
1664 30
3038 18
4490 30
2761 18
247 43
409 5
5918 18
10046 40
6288 1
9399 30
1252 19
6474 18
9244 40
8923 55
2040 57
227 43
6871 57
3664 30
6636 30
6799 30
5295 40
8544 30
7413 43
7218 43
2558 30
5672 30
3522 43
9355 30
6832 30
7329 30
931 18
9546 30
10228 30
1100 30
5913 57
7703 40
7876 30
9871 43
1063 55
7566 43
1004 30
2502 50
9313 30
5735 19
712 30
4455 19
6984 19
1049 5
7273 18
2439 55
558 18
7533 19
1523 55
8303 5
9835 18
1799 43
2424 30
1528 55
3487 30
1419 43
3952 18
4006 30
9440 43
6223 40
694 30
6310 43
9644 43
7066 5
3812 30
3380 30
8870 30
5901 43
6301 19
910 19
9667 5
1793 30
7397 30
7482 40
7885 18
8364 43
9968 43
4304 30
1631 43
4637 55
9977 30
5493 5
272 30
876 19
9780 40
1615 30
4689 40
1170 57
2525 40
8709 30
4097 30
7101 30
10311 30
5202 39
4411 18
2184 30
6571 18
9334 30
5433 30
2898 30
7576 19
5300 30
8468 5
5 18
730 43
7471 19
4377 19
7563 43
9221 43
5890 43
376 43
3085 19
10089 0
4526 30
405 53
4459 43
744 30
4044 55
5176 40
7448 21
9696 40
5643 55
6179 30
9951 43
2025 5
4856 5
10090 30
5105 30
5932 19
10318 30
9638 43
6240 2
9186 30
4029 30
3287 40
3500 43
1283 30
5502 30
8579 43
4180 43
2693 43
5124 5
6339 18
7121 0
9018 55
2199 43
7462 43
4672 43
4595 43
2254 30
5461 57
7327 30
2830 40
8185 55
1608 19
8369 30
665 21
8800 40
1342 30
1373 44
1267 30
6783 40
1605 19
7051 55
7795 18
7793 40
439 0
7321 30
6182 30
7156 57
444 30
7177 18
4807 5
288 19
5902 30
3839 18
7127 30
7136 19
3853 43
6889 19
1172 30
1875 43
6808 19
2265 43
6061 40
9926 43
5224 55
2680 40
7277 30
4580 18
2821 41
9437 40
7918 43
3250 30
8989 30
3911 40
7028 30
8034 21
4232 40
5059 30
4925 41
2573 30
3889 30
8463 43
5025 30
2257 19
3153 19
1228 43
1772 43
461 40
8266 18
9796 18
6173 40
3471 40
8143 21
4367 30
3705 30
2312 55
3456 30
242 30
10250 55
7171 30
9535 40
2698 30
6105 30
8103 43
8656 57
4687 21
6848 18
8100 18
5377 40
8605 41
1416 30
4371 40
6924 30
4115 5
8831 22
8339 5
6235 30
2516 21
1154 40
344 40
4978 30
10068 30
4223 18
9278 12
3462 5
8475 43
4448 30
1727 30
9616 30
2127 43
6715 43
6922 5
1043 25
7531 30
5737 19
251 43
7293 30
3076 5
5954 30
2546 21
1588 30
10248 43
4904 30
5895 43
2222 55
4264 41
3400 57
7078 43
5177 43
377 43
8355 18
4699 30
2875 40
7056 40
6603 55
10298 5
10172 30
4785 30
3245 30
9789 40
1048 5
716 43
4909 43
5199 5
2850 40
1909 30
3548 30
8775 30
8014 43
10128 30
4045 30
9635 43
2780 30
7625 55
1632 57
7216 30
3117 30
4506 30
3834 43
9846 5
8577 43
9889 30
2779 18
2632 43
8792 18
704 40
4697 30
2209 30
1677 30
798 30
2043 9
2413 43
9391 40
5927 40
5855 30
9904 19
3499 30
8497 55
6846 18
3328 30
9581 18
5585 30
1956 19
1261 43
4890 57
1975 30
4968 43
7499 30
9820 21
5338 43
3180 43
4205 55
2706 33
957 40
4297 43
4396 43
4147 18
8795 30
5042 5
9753 30
7409 5
5803 5
8068 30
9721 28
1764 5
8642 43
9438 43
5293 40
6683 43
2613 43
9297 43
7508 19
6274 43
7181 30
3489 18
7649 30
8848 5
3171 19
4644 43
5723 30
3574 30
7443 40
7509 30
3497 50
9257 30
8889 43
2083 19
8781 18
525 30
3751 55
1215 57
125 30
3233 19
739 30
1313 33
10037 30
8704 19
2756 55
5126 5
2352 30
8880 43
2118 40
9911 30
6574 43
5393 30
10283 19
2287 41
7400 30
2178 30
7965 30
79 19
1207 30
6282 21
8474 33
546 5
7034 54
7333 57
638 5
6110 30
3958 30
2498 31
7513 30
4450 26
5489 30
4766 40
6751 43
3219 30
4335 30
4996 30
7376 30
10343 43
5287 30
10267 30
9319 30
1453 30
574 30
7442 5
5363 40
6401 40
8571 30
7069 43
4828 30
1400 30
3895 19
9845 4
8916 30
2918 30
8508 5
1266 30
1120 30
6023 18
1040 18
7826 30
9783 30
5506 43
1486 30
3702 55
10009 55
1106 30
3854 30
1150 18
7182 30
8186 19
9917 25
10199 43
3558 40
5314 13
890 43
5027 30
3453 30
1821 18
8262 30
3433 30
7359 30
3701 21
5169 18
6101 19
4184 30
695 40
1309 30
8456 57
7589 55
8669 43
3670 40
2055 43
5163 40
6432 43
2111 30
7683 18
4168 55
2278 19
9129 39
208 40
3963 30
10279 30
2489 33
2614 43
6945 19
8350 5
1816 5
4740 43
7030 30
5205 18
1468 41
7447 40
8074 30
3224 43
8892 43
9328 19
8697 40
4084 40
1058 18
654 30
6534 40
8106 30
6088 30
6377 30
3811 28
7661 18
10310 18
10102 40
6530 40
9309 30
416 30
2631 5
4846 30
7326 30
9348 43
3589 5
1982 30
7750 5
5113 19
2842 5
8326 43
6266 43
10055 55
6330 43
8747 30
898 30
5583 43
8675 57
6294 30
6178 40
3315 5
9566 43
1582 43
6753 30
5002 40
6767 43
250 40
1131 30
9493 30
5870 18
2166 40
5227 30
6750 5
1968 30
554 30
1391 43
908 30
6027 18
2101 43
3505 19
7427 30
2441 43
2255 30
3718 21
5526 30
578 2
2057 40
5006 43
2893 30
3261 43
10341 18
10192 30
5594 5
4670 55
8251 43
1003 19
9475 30
5656 30
3844 57
7872 30
8217 43
5683 30
2886 8
2106 30
9590 30
3034 5
7957 43
9187 0
3575 40
5447 57
2235 57
10119 49
8928 49
4359 43
1854 5
4691 30
3062 21
3525 43
1719 43
6328 43
3356 43
5076 33
1735 30
562 5
921 5
6352 30
4413 30
4853 30
7117 40
2949 30
965 43
9090 19
9148 19
4531 30
1029 40
8722 43
7382 30
6451 18
2094 43
4518 43
7953 43
9188 43
9141 30
4010 30
5442 23
939 55
6994 21
5050 5
2269 43
5764 43
9417 30
391 30
6125 43
1518 30
9924 5
5860 18
6476 43
8043 30
3735 30
6053 30
7897 30
2342 30
4151 30
10095 40
5291 43
8590 30
6782 30
891 30
917 30
7070 5
8958 43
4202 18
3435 19
9038 43
2838 30
9386 30
1734 30
5029 40
5909 18
1178 40
5187 43
2629 0
1921 55
2479 40
3942 43
7713 18
3424 18
10194 30
353 43
5373 30
4188 43
4090 50
5463 43
7724 19
8080 30
419 30
6381 43
5352 40
7850 30
5674 43
8121 40
1457 30
6645 55
5947 30
1347 5
440 40
762 43
7020 30
3094 43
6827 30
1749 30
9193 55
10179 43
4791 43
5479 0
4635 30
2652 43
9035 30
5967 43
2760 43
10091 30
1245 40
3277 43
9008 43
4737 30
3394 57
2089 30
8371 30
4862 18
2160 19
7284 30
6631 19
8882 55
5648 19
5106 40
5984 43
1388 19
5021 5
9151 30
7890 30
7425 55
5724 30
5596 19
3294 30
7243 30
4403 30
2417 55
9429 30
6174 40
3330 40
5679 30
9161 18
3554 5
9547 30
357 40
7722 55
1216 30
4692 43
3914 30
1629 30
93 55
3098 30
1214 30
1874 0
7972 30
4451 30
693 30
3017 30
499 5
9832 5
119 18
431 40
3707 40
10276 30
9593 43
5607 30
3335 30
7730 5
7484 30
6540 55
6529 19
5576 43
656 18
6952 30
3093 43
430 40
7605 33
2015 43
7505 57
4917 19
9352 30
9599 30
6391 55
4379 30
4961 18
6684 30
6378 30
9282 40
1406 30
1084 30
2049 18
6664 49
6746 30
4994 43
4081 30
2310 30
6462 18
5838 18
9976 19
889 57
9876 18
10229 30
988 13
3288 43
8952 19
2207 43
9104 43
3792 57
5046 57
2771 30
5155 21
5231 30
6439 19
3972 30
10093 43
3427 30
1653 30
5110 43
8637 43
2122 21
9225 55
179 30
370 5
8242 30
7044 43
2545 30
1345 40
5657 30
5753 30
7477 43
4638 5
8381 5
1217 40
7140 40
2406 55
837 19
1429 40
9947 43
9404 30
1460 30
2364 30
7146 43
8447 18
5197 30
9126 43
3320 30
6314 18
6855 30
2967 19
7253 30
3634 43
9697 18
5149 30
9247 50
10138 55
5241 30
6900 19
8940 40
10299 55
197 30
6666 19
4407 57
3743 30
9072 55
7432 30
2081 3
7970 43
7590 19
9022 30
9632 19
3350 43
5141 30
6839 30
1211 30
1798 30
6677 18
8330 30
9377 13
5142 40
6611 40
7884 40
1047 30
9042 43
8592 13
5385 5
3867 5
7673 43
8336 21
498 5
8443 30
6765 30
1698 43
7239 55
2485 19
1850 30
5718 43
5702 18
1143 30
4286 43
8482 30
2114 40
6493 40
6262 18
6017 43
4397 55
8660 19
874 30
109 18
10303 18
2426 30
1358 30
9209 5
1330 43
9287 30
5248 30
9132 40
6066 30
689 30
4124 43
8393 19
4179 43
6429 41
9470 30
512 19
10284 43
9198 18
5108 55
7769 30
9331 43
3511 30
8244 41
3244 30
858 43
6304 19
2644 19
3652 18
1081 30
862 19
1251 30
2810 40
9686 30
7782 20
10241 21
3432 30
6442 30
1514 43
3667 30
641 43
5148 18
4326 55
211 40
10016 43
4866 30
6594 30
8075 49
2862 30
1304 30
5851 18
1006 30
6537 30
5520 57
1737 30
2618 30
3692 30
4818 5
3064 43
355 5
9315 41
9933 30
6508 27
5332 30
6107 57
4929 30
6923 5
1728 33
5736 30
6849 30
3684 43
5974 43
5522 42
5180 19
6589 40
10053 4
4343 57
7734 5
4020 5
2870 30
3154 50
2795 43
7630 40
3614 30
832 19
1116 41
914 30
3363 21
8811 55
10217 40
8325 30
6716 30
8512 30
9956 30
8314 5
3066 30
7738 55
7096 30
8291 30
6114 40
3862 26
2282 30
1777 30
3843 43
33 19
5588 30
3476 19
8988 30
9173 40
10189 30
5555 18
5153 43
5828 30
4522 43
1149 43
6925 19
8518 40
1648 30
6976 43
9984 55
846 30
3009 30
5357 18
9785 5
5047 30
10032 43
66 5
690 40
1182 43
2206 43
6026 30
1900 16
6430 43
7544 43
8122 21
8869 43
470 30
6028 30
4727 30
7161 30
2617 50
2825 30
4845 40
7656 43
3355 30
4228 43
5970 19
7260 30
6919 30
10272 30
8341 1
5341 53
7173 30
4798 43
7450 50
2351 41
9629 19
5071 57
9015 40
445 43
2154 19
2136 30
4552 28
6029 43
7766 40
3923 30
884 30
6643 40
8832 30
204 40
4275 30
2999 49
5275 30
3758 30
542 30
2212 26
1205 4
4058 19
4126 18
4767 19
300 18
779 40
7570 30
7800 57
1562 30
8971 40
7215 30
10334 43
3526 43
6939 55
9717 30
9074 18
5299 36
2032 43
7878 18
946 57
5292 30
8193 30
7221 30
2470 30
446 5
6602 40
6454 19
9854 43
7466 43
8173 43
6076 30
180 18
9499 25
4871 30
8402 30
5880 19
467 43
2293 30
6481 30
9279 43
2641 8
9939 18
183 57
3669 43
5200 30
7152 18
978 40
2001 30
2100 30
6513 30
9515 18
2045 19
5996 5
4241 5
3527 30
9906 30
8228 43
2812 30
8233 30
4000 40
1908 43
7128 30
8596 21
896 33
915 30
2603 30
6494 5
4772 30
3640 5
3005 30
1533 40
7954 30
8098 40
9036 30
6261 40
1978 57
4834 19
7964 43
1706 43
1769 40
349 41
8703 18
2959 18
392 40
5562 19
4588 30
3411 30
103 40
8323 55
5941 55
6696 19
5335 30
3242 30
10052 40
5430 19
5715 55
3870 30
4103 43
1717 5
742 41
2897 40
7798 43
3260 30
2892 30
6507 30
6927 57
8633 30
7604 43
9092 40
5016 40
10107 30
6011 30
555 43
424 5
7539 27
4852 30
2859 18
5475 21
5704 43
1310 30
5257 43
668 43
1289 50
9496 5
9192 11
508 30
9928 40
8836 19
6403 57
2275 57
5055 30
7961 30
10314 43
7675 40
8058 30
1382 41
8569 19
6823 30
3997 43
6817 5
8897 30
5953 5
7833 30
7446 40
3359 57
2839 19
3074 18
3954 40
2028 19
4467 30
857 43
7728 30
3982 43
6575 5
2628 40
5820 43
8366 30
8148 30
7222 30
843 30
1028 18
8546 5
8513 5
1861 40
580 43
9738 50
1831 21
3756 30
5237 30
4278 30
4581 5
1259 19
4642 30
8964 30
415 19
1589 30
6394 43
1557 43
7772 40
8850 18
2911 5
3582 30
1508 30
7139 30
1724 19
9446 43
5466 30
1951 43
2326 43
8117 19
6384 30
6329 30
8401 31
4608 29
220 30
222 43
5278 30
5919 30
7842 19
9362 50
5957 30
7500 30
1691 40
2037 30
4702 40
8851 39
6409 55
6963 40
8784 40
4762 4
770 18
8428 30
10273 43
8965 19
9811 19
1656 30
1404 30
9975 40
7368 30
516 5
2291 5
1820 30
5626 43
7340 40
825 30
9955 40
6292 31
1651 43
8287 43
8635 40
7356 30
7485 55
5114 40
6538 43
8922 30
475 29
7941 40
7405 30
8726 30
9601 30
1218 43
521 40
10108 4
3580 30
8708 25
5073 30
1104 54
616 43
2542 18
9792 18
8723 30
7704 5
2692 30
3803 43
3353 43
2684 57
8329 55
9020 30
6167 30
393 43
283 30
9826 30
6400 5
6190 29
823 43
1742 40
9339 40
5288 43
10255 30
4872 43
8627 8
6488 30
717 30
2493 30
6232 19
221 55
9958 40
1282 19
7388 30
5806 19
2130 30
6959 40
10011 5
5119 30
3564 40
490 30
5903 30
594 55
6299 30
5842 18
8004 19
2245 19
3599 43
1580 40
2021 18
7453 27
2474 19
2868 19
2847 43
4721 19
3886 30
4207 40
8139 40
713 18
1316 40
3113 4
8536 43
3797 30
23 19
4674 40
6283 43
2042 19
7332 30
8306 30
8903 18
4789 43
6647 30
6633 30
4684 30
52 30
10297 30
518 30
9804 57
3977 43
4505 30
2244 30
1426 5
1697 30
4398 5
6087 40
10039 30
8029 40
1312 30
194 30
6796 40
9920 26
938 40
2848 19
9093 50
2353 30
10141 18
3802 55
6259 29
10177 26
398 30
8685 30
4087 18
172 30
10368 43
586 30
243 30
5795 19
4039 19
5088 55
4123 43
5329 19
1679 18
615 30
8285 30
5769 19
2557 30
9586 43
83 5
6501 30
10244 43
1349 40
9861 30
9505 43
8994 30
4510 18
7807 30
5166 18
4432 18
7968 18
2056 5
6499 43
5885 19
10353 30
3976 56
8351 8
10205 30
821 30
7428 1
3847 40
2211 19
9553 40
4509 40
5877 5
5328 30
4471 19
5260 30
2355 5
899 31
1465 18
9281 43
1937 30
827 43
5935 30
6091 30
9528 30
5692 43
502 30
9114 19
1849 30
6519 30
8987 30
8221 19
510 41
10282 40
5985 43
1169 30
1810 5
9098 40
235 21
4541 18
4443 19
8796 30
3816 33
1743 30
6252 30
6956 40
7641 18
6804 40
7080 5
90 41
3722 30
7681 30
3147 55
5396 43
6551 30
5007 38
1446 30
6543 30
10361 40
1992 18
3086 40
5920 30
8384 5
3045 18
7265 41
4166 30
3939 40
3778 43
3720 30
10136 30
2194 49
8416 40
3619 40
2806 30
9969 55
497 30
3333 43
2368 30
9543 43
3388 30
3820 57
4391 30
6134 30
3021 30
9557 30
9031 33
361 30
5400 30
6099 30
321 40
3099 19
8961 30
8204 30
7098 30
3314 30
9370 30
3413 50
2598 40
4746 30
2507 19
5111 40
3806 18
1912 30
5031 30
4447 30
1914 29
4654 30
811 41
5729 30
1941 30
3454 19
856 19
9254 30
652 30
1450 30
3749 43
8561 5
10105 30
5931 43
4927 5
4501 30
6131 5
1833 29
4957 43
4323 30
48 30
4314 30
4575 21
6290 30
7746 43
9329 43
4480 30
63 21
813 30
10030 30
3557 18
2708 54
9473 30
2420 30
4901 40
2521 30
7251 30
207 30
8431 30
402 40
6218 18
3700 30
9536 30
6059 8
4069 30
5471 43
1459 40
2815 30
10074 30
2646 30
7330 18
1444 40
3488 30
4723 19
6619 55
2149 19
1590 43
7393 30
5276 43
1680 30
3457 30
6577 55
1581 43
8031 18
5777 30
323 30
7764 30
8331 30
1482 5
9983 30
7118 30
598 2
8045 5
6678 55
6800 30
1730 30
1067 5
1858 57
8804 30
2625 19
4970 43
5661 30
8552 40
8944 30
2283 19
2740 30
9040 18
4197 30
10014 5
9682 30
4649 30
3501 40
2733 30
9119 30
6864 30
2685 40
10330 30
6386 43
5833 30
5530 43
997 30
2687 30
5547 40
1371 18
1504 43
7650 30
8476 5
2339 43
7699 30
3916 30
5261 30
767 40
5253 18
6607 19
70 40
400 43
8937 30
4977 40
8130 30
4210 0
3775 0
4744 30
1646 5
2726 30
262 30
4792 30
6192 50
1554 43
3763 43
2248 30
513 30
5619 43
4312 30
4538 43
727 40
4204 30
1414 18
5712 5
4570 18
320 43
2982 18
6709 57
2700 43
5875 5
8565 21
3054 30
2931 30
2017 30
9572 19
725 30
8531 30
1910 30
1038 30
5468 40
6207 40
5337 18
8694 43
5307 43
386 25
9419 30
1244 40
10263 30
9021 30
4440 19
4435 30
336 40
1077 30
1195 19
5056 18
9775 18
4417 30
9540 43
8687 19
369 30
7820 30
2529 18
7939 50
6974 30
7123 11
77 30
2899 30
3010 30
9016 30
10045 19
9103 30
8426 55
6834 40
10006 43
1506 30
7133 40
9096 19
7225 19
7516 30
3048 30
1099 5
8394 30
3495 40
9779 55
5038 55
3183 43
4263 43
261 43
680 43
4478 19
9765 18
9498 40
1980 30
1055 57
3434 5
2179 40
9539 30
5667 30
3708 57
489 30
2606 43
585 55
8213 43
1511 43
5379 40
8347 40
534 5
10190 41
4989 40
3203 43
8763 40
10198 30
9995 30
10186 19
7084 30
685 8
2707 40
4889 30
5873 30
815 41
963 30
2938 40
9069 30
7700 57
8182 43
6 21
7342 43
2833 43
605 43
6427 40
4358 18
2284 43
3608 5
8883 30
2196 30
4829 25
3336 50
6222 30
1198 43
6734 40
8275 43
2637 30
5339 30
8162 49
4355 40
8527 30
3786 43
6214 18
1919 55
3272 41
1944 43
2128 18
1822 30
777 13
3736 30
2539 30
5417 40
8843 30
1988 43
9802 19
3732 43
8391 40
1970 41
5236 43
7149 30
2610 30
3801 43
9341 31
7832 43
5691 19
6482 40
7004 49
8462 29
449 43
9925 30
2749 43
2607 40
4415 5
382 30
1781 43
4682 21
9471 30
10019 40
8574 30
5482 30
8718 19
4690 18
4366 19
4974 4
6128 21
522 30
2565 18
4888 43
8440 18
3339 30
4052 43
3271 46
3823 30
1015 55
4900 30
10256 40
570 55
885 30
5310 30
2392 5
5010 30
4143 40
800 50
6070 40
4568 30
1548 30
2250 30
4004 30
5094 18
9894 55
4513 30
6289 30
8055 18
6759 43
7483 19
8120 30
4808 30
7547 5
7122 40
3013 30
1428 30
1606 18
6969 43
6159 18
6267 5
1786 46
8503 19
9139 40
2034 30
7934 43
5051 30
1210 30
2186 18
7888 43
9167 30
3508 19
8929 40
7292 19
2555 30
5485 43
2781 18
6806 30
9905 18
7921 55
3879 30
8205 41
5008 5
456 40
8104 29
1075 43
9071 40
8556 19
6569 30
4427 40
4148 57
7804 18
2878 18
8771 30
10083 43
8239 19
6791 5
7669 30
278 30
5091 30
9065 43
8502 55
2672 19
6861 40
3687 30
9127 30
1035 19
8715 5
3091 30
6093 43
5543 40
8202 19
5254 43
6710 30
7695 5
9201 55
1092 19
465 30
3815 43
5772 43
4738 40
8564 30
10278 19
10076 40
9891 30
907 43
9980 5
2321 43
8909 19
7360 30
4316 30
1356 33
3465 40
9340 29
3876 28
4465 19
6468 57
5846 30
6505 30
5136 19
4788 55
9235 5
7478 18
388 30
7868 40
2822 30
4394 30
9128 30
771 43
9836 30
3891 30
5732 5
3383 43
8392 56
7976 40
85 30
10239 30
4291 30
6703 40
5852 18
2671 30
5437 40
10245 33
2071 18
9479 30
7249 18
9070 43
2745 40
6725 2
781 18
1158 40
2772 30
8742 41
6186 4
6150 30
9006 30
1286 40
3639 30
6797 30
374 30
5123 43
9741 30
10086 5
5966 43
10212 40
8439 43
9316 30
7083 30
8469 40
7858 30
3379 40
3198 30
8581 5
5734 30
4720 43
7845 43
8346 30
2073 30
531 30
6331 30
9729 5
8856 55
4651 5
3851 43
5044 44
343 30
2896 30
4243 30
1882 30
10023 40
5401 30
1014 43
9709 30
9226 30
4488 55
8956 18
7935 19
5416 30
1961 30
8862 19
3378 40
10305 30
9883 43
4122 40
9786 55
9555 30
6408 31
8267 29
7767 40
2702 5
6281 43
6801 43
9344 30
7915 43
2939 30
5380 43
7610 43
6691 57
4246 19
814 43
4041 43
9214 43
4800 11
1016 30
4855 43
3861 40
186 30
69 41
2851 43
1561 18
589 1
8039 30
157 30
8839 40
3770 5
6515 30
3981 43
358 18
9190 30
3946 5
7837 19
9879 40
3332 30
8430 18
6234 29
7907 0
9492 19
6063 55
2843 50
3362 30
1223 4
7635 30
2712 30
863 43
4162 40
4586 30
1943 18
7736 43
5192 43
7824 43
10057 55
1813 40
5574 30
8905 40
2000 13
84 30
9012 30
4381 30
4092 19
5914 19
4236 18
6311 30
1413 40
3301 43
7951 30
2925 43
9154 57
8398 30
5942 43
4716 30
6045 30
7349 19
1642 30
7966 30
1694 43
7710 43
3683 30
7341 55
4735 30
4546 18
9205 30
7742 43
5760 1
9610 43
7615 30
5521 40
8932 43
2556 43
2457 40
9215 41
3534 19
604 30
166 57
9368 43
10306 0
4589 43
1213 40
4373 55
6147 43
5189 30
6449 55
4613 43
8360 30
1879 40
7460 30
6081 30
2820 43
5556 30
274 30
9136 30
4864 43
6553 19
6776 4
2864 39
6497 43
8470 30
7370 30
8634 30
257 40
10067 40
5049 40
3738 43
3610 40
8948 30
8378 43
188 55
1161 5
5979 43
6890 30
5625 30
9291 30
1383 30
5662 30
1869 30
6718 40
662 5
2919 18
7697 40
6955 43
6570 21
1922 5
5865 30
6542 27
5345 30
805 40
5218 43
6816 43
8259 41
2943 30
6080 26
4604 5
3020 30
3835 18
6584 30
4969 18
4648 0
2488 30
5628 30
9260 30
9118 30
434 30
5802 30
1452 30
2683 19
5634 40
3764 28
112 19
10051 29
2976 18
3367 41
1417 30
10073 43
7994 30
4865 30
5082 30
6333 57
7320 19
1037 30
5048 40
5992 19
7910 13
3323 18
5632 40
9863 30
10307 30
4161 19
6139 19
8666 5
4532 18
8328 30
3008 43
5023 19
886 43
4383 43
259 19
4226 43
2148 30
765 19
6843 40
2713 18
8859 30
8918 43
6694 19
410 30
8644 21
9892 30
5296 5
4046 57
4712 18
9674 50
9672 43
1243 30
1098 43
5853 40
8537 57
5193 19
2477 30
3316 50
8357 30
7087 57
8734 19
872 50
1370 30
3348 30
6118 4
2132 46
763 30
4288 30
3152 18
19 43
3056 18
9972 43
9452 19
9880 43
8613 30
7379 43
9963 18
4820 40
6393 30
287 40
7299 40
995 19
2881 40
8238 30
517 19
1012 30
9272 43
7874 43
2647 30
2653 30
4420 40
7543 24
7591 18
4885 43
9227 30
3012 56
8584 43
9615 19
2204 43
8598 43
6111 30
3273 5
4908 40
9687 30
1238 40
7088 30
7801 57
6258 5
184 30
9158 30
1177 30
6595 43
4628 43
870 30
7339 40
7632 5
390 30
9746 30
4375 30
5749 40
1537 55
4034 30
3407 40
9199 4
1741 43
9612 30
3132 43
1171 21
2645 18
7041 50
3536 40
3804 30
437 18
5252 19
9242 29
8433 40
5669 30
3903 5
5474 1
6869 55
4611 43
5881 30
3721 55
5834 40
1023 0
338 57
6185 30
6123 57
9715 55
4113 30
3940 18
5876 18
5899 40
10015 8
7348 43
4177 30
659 26
9895 5
8489 18
4037 18
4149 40
4083 43
3262 30
8110 30
595 30
32 43
5633 5
9277 55
3202 19
7701 43
2717 43
8229 5
2971 50
7119 43
6022 30
9354 18
1386 19
9527 30
7944 43
3538 40
5761 40
7040 30
4364 29
3606 30
2497 43
1852 30
4468 19
3689 30
9923 30
7903 43
737 19
4905 18
7776 30
9248 40
4971 30
7186 30
1180 49
967 40
1445 40
94 30
8083 40
5246 41
1013 40
6881 40
5591 30
6445 30
3929 43
6089 5
2341 40
3880 30
6142 30
2994 30
3226 30
4596 21
6845 43
1722 43
101 57
1931 43
1044 30
9634 30
1336 0
3825 5
5240 43
2705 19
905 49
8583 30
3059 18
6536 30
3893 40
6241 18
6170 37
5054 2
8942 30
6212 30
5608 43
9494 30
6947 41
9418 43
1915 29
913 30
5404 19
9989 30
4897 40
9363 30
5621 30
4680 41
10324 43
8616 13
1863 43
7809 43
1725 30
2605 30
2852 43
9238 30
8089 30
1096 30
4186 30
91 30
6355 30
6187 30
4874 18
5030 43
7322 19
2300 30
1934 21
702 19
6908 43
454 30
10197 30
9701 30
3516 30
9273 5
927 43
3855 40
2495 30
9412 30
4311 30
7988 19
6625 19
3555 30
1619 30
4508 55
5776 30
7036 30
1952 19
118 43
774 19
1911 4
9308 40
2431 30
9563 25
42 43
6995 5
185 30
466 30
8505 43
399 19
6712 30
5983 40
5282 30
1001 43
1800 30
9922 30
4615 18
3384 43
721 57
7148 55
10233 43
4423 21
14 30
3425 30
1274 18
5535 43
5387 5
6044 43
5159 18
1039 30
3863 43
6557 19
5392 5
10182 1
2841 41
552 40
4786 43
3470 55
9050 43
7310 30
5505 43
5778 30
5606 30
5311 30
2041 43
3 23
8748 18
9579 30
4125 40
2202 30
3967 30
1302 30
8189 40
602 5
7855 5
7581 40
6340 30
7956 30
5012 4
6271 30
5005 43
2905 18
6052 55
5617 30
8530 30
9537 43
8600 21
7205 40
8591 19
3774 43
5412 30
7203 30
9431 18
8344 30
8070 43
5058 49
486 5
9435 40
4620 30
7823 43
3397 30
8902 27
6938 21
34 43
9822 5
7166 43
8438 43
1033 40
4116 18
4476 40
6639 50
10259 43
7233 30
514 30
2450 18
4491 30
6858 43
10041 19
2371 30
4137 30
7184 40
5303 43
10315 30
3769 30
6564 30
2930 30
7869 30
5216 30
8648 43
6415 30
7586 40
753 6
8404 30
411 55
7739 43
6402 31
7164 40
2085 43
9952 30
4921 49
144 30
9222 41
8501 30
3741 30
3872 55
4410 19
2483 40
4222 18
8875 30
6942 30
10142 43
324 30
5690 43
8766 43
6433 43
6811 43
2327 18
1814 30
10171 30
5609 30
9485 30
4176 30
10216 19
10268 30
8621 40
9428 43
8255 43
10260 21
1846 43
10238 55
421 30
8953 30
6032 50
2139 18
1670 30
8500 19
3214 30
9265 30
2807 30
6420 18
10175 43
8966 30
4891 55
5799 43
3790 43
3235 30
5444 40
2725 30
87 43
3450 30
9541 19
4503 43
2116 30
2069 30
2307 41
8085 30
5697 57
2837 19
783 30
5602 5
2987 30
6079 55
7662 30
3892 49
5078 33
10 5
4533 30
6879 19
1166 43
824 18
2316 57
7490 43
8077 43
5653 19
2792 26
2582 43
7727 30
631 30
3173 55
2218 30
511 5
4668 26
9850 43
4139 40
8901 30
2665 43
2528 40
7256 55
4775 43
1977 29
10336 18
2451 30
4607 30
2434 30
8911 19
9270 19
6326 40
3833 30
6545 8
9856 30
8558 30
89 30
6416 30
1538 29
5536 19
9548 15
1359 13
4404 43
1133 49
9125 30
6434 43
6336 30
1192 30
7223 30
9427 21
3645 43
7303 30
567 55
9703 43
8626 43
3933 30
6358 30
2657 30
8056 5
5033 57
7262 30
2423 30
6573 55
590 43
7755 30
8545 30
2630 5
6440 30
2891 29
442 19
9623 43
1830 30
7931 55
8524 43
4449 30
9641 40
6756 30
6010 30
10333 43
9988 30
6658 30
285 23
6877 30
2435 5
6949 2
139 43
9838 30
4315 4
8380 43
4621 18
7281 43
998 30
7692 57
7611 19
5793 40
62 55
1338 30
3015 43
4678 43
9872 30
10044 18
2490 30
10080 30
7038 55
5951 43
2453 18
1841 30
2764 18
9384 30
5936 5
612 30
2858 30
9233 19
2964 30
5350 30
1323 30
4825 30
4683 19
7901 30
9657 43
5689 18
1540 18
7773 43
2188 43
3036 30
2050 5
9337 43
5624 30
1256 40
3523 30
3704 40
6175 50
5125 55
7018 30
100 49
4057 30
3240 30
4145 30
1883 43
2594 43
2794 30
5019 43
8615 57
2421 30
1085 30
9100 30
10082 18
8051 18
9874 0
10371 43
5995 18
6067 30
8091 19
6043 19
6413 18
7456 40
2419 40
6729 40
10281 27
8127 43
6284 30
9993 43
5965 30
4734 40
5409 18
5952 49
9513 57
2549 19
6895 19
9477 57
10331 18
4086 18
7023 18
3431 55
6383 40
334 33
8072 30
2511 43
3215 55
7996 30
2888 55
4380 19
3188 57
787 43
6423 43
152 43
7545 30
9705 30
5208 43
9323 40
8152 9
3182 40
7213 30
666 43
10187 30
766 40
1676 43
8610 43
5421 30
4425 18
2088 40
1527 0
5458 40
9288 30
6319 30
190 30
9196 30
5191 30
1630 43
4941 5
6875 30
4554 18
8643 30
1495 30
8183 30
9376 43
8941 5
7103 19
8620 18
9306 30
599 29
3612 40
56 30
7529 55
2337 28
6096 55
7511 40
2650 30
1709 40
4134 4
2156 18
2345 30
5009 43
3781 43
617 30
5937 5
5362 30
6785 5
4402 43
4016 43
4023 30
9818 40
8917 30
441 30
2484 40
7633 18
8147 19
5217 43
7270 5
9609 18
5549 30
8733 30
3787 30
1641 30
8177 19
8383 5
7860 30
809 43
2061 30
8494 18
6242 43
8535 40
5514 43
1296 40
6982 43
1872 43
4408 43
10166 30
4886 43
4629 43
1579 30
9003 19
68 43
731 30
6419 30
1738 5
8509 30
1329 43
8340 30
3162 30
10293 30
4760 30
2276 19
4068 30
8105 18
4140 30
373 30
2115 13
3649 30
7259 50
985 30
2378 18
1346 30
3560 0
9228 30
2514 43
9569 30
2177 43
10106 43
4386 50
4514 43
9432 40
1758 30
8711 40
8215 30
8086 30
2597 30
6967 30
10191 43
2611 43
9142 40
536 43
1086 30
203 30
8282 30
1241 41
6743 30
3537 18
8044 5
8171 55
4308 30
7194 5
4745 43
8036 19
5117 30
5910 30
8789 30
46 43
8414 40
3715 43
5229 30
9637 43
3412 30
1390 57
7099 43
9130 30
1973 30
7574 30
3579 43
8978 19
796 30
8827 30
8418 19
4317 30
2704 21
1220 5
7211 19
7999 40
6686 43
9147 43
1247 18
6789 30
7985 30
3746 30
1287 43
3676 30
7667 43
7093 19
4301 30
3754 30
114 18
10060 27
822 30
3166 30
7562 43
6298 43
3636 43
776 30
6035 30
5678 30
8292 43
5408 43
4142 40
3308 5
3352 30
4918 43
9759 30
1497 31
6535 57
4356 30
9168 40
9517 18
3869 18
6608 28
3151 55
3551 5
4835 18
4462 40
1532 43
4313 30
790 43
4430 5
8595 43
4590 30
2929 30
5845 5
4183 30
5944 18
4195 18
6906 30
7575 5
3696 40
609 30
236 5
4839 43
9301 30
230 55
7682 30
5340 19
5304 30
3207 40
1162 55
6679 30
5513 30
4770 30
3510 43
1140 19
6828 30
6840 30
6456 43
7426 19
9999 5
8838 30
341 27
8847 43
5917 30
3084 43
3181 5
2126 30
6581 30
2239 30
8534 30
5462 30
10322 57
3515 19
5527 30
4545 44
1663 19
1681 43
9573 30
9094 30
3577 30
3917 30
703 13
6467 19
2348 30
9829 43
8256 18
3436 30
10018 29
4757 30
4214 40
1930 5
9032 30
2824 40
7392 43
1927 40
2804 30
2059 43
4436 55
565 30
8027 30
933 18
5364 41
2182 43
10236 21
4643 16
3650 30
8116 30
6127 21
9671 40
4639 18
4559 19
1726 40
5907 40
5688 30
7091 30
2621 19
9062 30
8517 40
949 43
8128 30
3155 19
3761 18
3894 43
9425 50
4784 30
4790 18
2408 21
8090 57
80 43
7873 55
6886 19
2667 43
6510 55
8943 43
4761 30
2481 40
7434 43
5376 26
8934 30
6257 19
5988 43
2575 30
5259 19
8342 30
162 19
4935 43
10362 18
8667 40
7578 55
4209 30
1637 43
3189 43
3928 30
4605 30
1473 50
6068 55
6524 29
7053 30
7813 30
5449 40
263 30
6562 30
9869 30
6149 43
7001 43
1136 43
7102 40
7857 30
187 30
5178 5
8809 43
3970 5
264 30
2719 43
3674 41
2063 21
326 30
5484 30
2526 30
1260 43
1819 30
4658 30
7497 19
6685 5
3007 19
2014 30
9176 30
163 40
6993 5
6985 55
6763 19
3058 19
7294 40
7685 40
8674 30
5567 13
3444 19
9172 40
4352 30
8232 30
2832 40
1693 43
1866 1
3932 4
8420 30
8012 18
5794 30
9768 43
134 18
7498 18
1332 40
1463 19
5542 43
6152 40
2010 19
4219 57
2016 30
2927 30
4542 55
2879 43
4920 19
1030 30
9156 30
12 4
6373 30
2369 30
2438 30
9117 57
8437 30
3991 43
2427 49
5238 40
2616 43
728 5
4061 18
7817 55
2165 19
6599 5
4943 30
7565 40
3571 30
9695 30
9710 55
613 30
5273 19
7248 30
9652 19
3766 43
3512 40
573 43
4353 40
9567 43
5945 30
2654 30
3149 41
4500 30
8821 30
4842 30
9382 19
9157 5
3347 30
972 40
7852 19
3142 30
5660 18
4274 41
6318 43
5001 43
9754 55
1507 28
6359 43
901 43
1824 18
5388 30
3491 30
1618 18
9166 30
9299 30
9656 30
3800 30
9730 5
5655 18
5004 19
6847 30
4351 43
9752 43
3160 19
6754 41
115 18
4594 5
2189 30
4543 30
436 55
3184 30
2458 40
4120 30
8318 40
6302 18
3831 43
10348 30
4910 19
4707 30
5427 40
7185 40
8540 40
2948 18
8719 40
6238 30
7573 30
1224 30
3429 5
7677 30
5553 5
5018 40
7380 30
2035 40
4429 30
5564 50
1046 0
6021 43
6897 19
9079 43
7187 5
3422 19
2510 40
5367 30
159 57
4916 40
6084 30
7489 40
4026 40
3613 40
5214 43
2005 5
429 19
1222 30
8003 40
1447 30
4040 30
5397 30
9965 19
8810 40
7928 40
5584 18
625 30
8705 30
3075 40
9444 30
2121 43
3617 33
6876 30
991 43
10152 30
4940 55
38 43
8048 5
3027 5
7190 18
5540 30
6104 40
4129 30
5201 19
292 30
5272 30
11 30
4164 18
1703 5
6040 18
6975 30
10223 19
5394 30
4953 13
4107 30
9433 30
6317 41
1392 43
8867 40
209 43
8154 30
8689 30
10234 30
1396 55
5922 30
1836 30
3926 43
5017 5
8936 30
7369 50
3517 27
1200 5
3659 43
4077 40
7010 19
7367 43
9664 30
8612 30
6681 30
2623 40
8298 40
6033 30
2394 30
5807 30
8933 5
6822 57
4017 2
3464 55
9678 1
6049 55
4911 46
6866 5
566 55
2508 15
708 43
7325 30
4245 19
1983 19
6921 43
9267 43
3795 30
7275 0
2844 30
2393 18
3896 19
6779 30
3848 30
9550 43
7363 40
6936 30
9229 43
3437 5
5862 40
2302 30
904 55
10354 43
3898 30
3289 41
5212 43
10232 43
3018 43
9506 18
9009 19
6253 30
5721 30
1591 30
8264 43
7436 30
1805 13
1297 30
7389 43
3263 18
2112 40
1586 43
6122 43
8954 30
1757 18
8132 19
8693 43
3281 30
8312 19
4170 30
1107 57
2460 30
6138 30
4453 30
3221 5
9662 30
3477 13
2608 30
5233 55
3028 30
3615 43
7238 19
9274 30
3725 43
3727 30
6181 5
10160 19
8076 30
3280 57
7430 40
6504 40
9466 19
4937 30
5699 40
2066 40
9138 30
2602 30
10225 18
1284 40
8321 40
472 43
1381 5
9182 30
10092 18
2787 57
2161 46
3282 43
9289 40
6854 31
9762 18
6002 30
5472 43
1838 18
5854 40
1344 43
6365 30
706 19
5143 30
2846 30
2658 43
10352 43
3733 43
8479 43
2240 30
5483 30
6692 30
9245 30
541 18
1750 19
6597 30
2472 55
700 43
3322 55
4913 30
5210 43
509 30
1862 30
2224 30
2410 30
8033 43
980 30
2578 21
10222 30
6565 13
7963 40
9784 30
7881 18
8452 30
8773 5
3595 43
6851 30
7375 43
9439 40
464 18
7384 5
5822 43
2538 30
5325 18
8250 43
1981 40
1059 33
5629 55
7786 19
8566 18
28 43
9197 18
2782 4
2029 30
8661 30
9603 43
2297 43
3688 30
10195 40
4627 19
530 30
6083 55
2065 55
10002 30
1307 5
7917 40
4073 19
9347 40
3004 40
2215 30
7200 30
9169 43
3451 30
7463 49
10038 30
9583 19
9512 30
6512 30
5279 40
5429 18
3550 43
2252 43
7372 30
8647 30
10043 43
861 18
5318 30
4400 2
4102 18
1360 40
5181 18
9884 55
9564 30
8082 30
3598 43
7660 30
2767 30
9264 30
7886 18
1625 19
1301 43
3690 18
158 57
3092 30
5034 5
9929 40
7172 30
3127 43
9971 30
2452 30
8872 30
104 30
7414 30
10066 30
4254 43
10313 30
679 30
9252 30
6798 30
3178 43
5179 18
4549 57
8919 30
1990 41
4602 18
3060 43
1328 21
1474 55
2564 30
217 30
6940 21
7657 40
2845 19
8679 43
5559 30
6460 5
8064 30
35 43
7278 57
5028 30
3047 30
10180 18
4677 30
4201 19
593 5
9915 43
8891 40
10364 0
9241 29
7554 18
6095 5
606 30
9414 30
3458 40
7491 43
6766 18
4619 30
3345 40
9594 40
4527 30
1454 15
9748 18
7419 18
836 43
2736 5
754 19
4860 55
8333 18
1355 18
2133 55
116 30
4206 43
2640 40
8549 30
8815 30
9375 30
911 19
4899 43
571 43
2974 18
9459 18
1818 57
2762 30
2984 30
248 18
130 30
279 18
3168 30
6706 18
5086 30
4385 19
5370 30
9078 13
9949 30
3349 43
10325 30
4458 40
8785 30
1503 33
10332 15
286 30
5837 43
3342 55
3046 30
8294 43
5144 19
9217 21
7783 30
8315 30
5414 43
6058 30
6695 43
1702 30
9716 40
8845 40
4346 43
365 55
5264 19
6777 40
6972 30
9837 30
7799 30
6347 0
3285 43
161 43
496 30
3531 30
8169 19
4565 30
1795 43
4703 30
5441 18
140 19
7785 55
5534 40
5541 30
4121 30
10132 57
9112 30
10323 30
2581 55
8840 57
2230 5
4255 43
9681 43
6388 30
7407 30
6233 30
7761 30
772 18
1399 30
1160 30
5994 31
345 49
5878 18
4331 18
6637 5
5790 5
5763 43
3966 50
6768 30
9901 40
2715 55
9737 55
7851 18
1844 30
9423 30
7212 5
8619 19
3846 43
8129 30
1412 30
784 30
5508 30
2978 49
7451 55
2615 30
1513 30
3679 41
9453 30
6050 30
10005 30
3890 5
3937 43
7199 30
4064 30
3490 30
6737 30
9307 57
3633 19
1932 30
2649 41
1553 19
8491 18
9394 18
3406 5
3630 43
8358 43
3430 40
9372 30
2853 30
7107 49
4686 30
3136 30
9857 19
3110 30
3024 43
7472 30
7747 40
7892 18
3742 40
1696 43
8639 30
5879 43
1209 30
6005 43
8170 29
626 30
5319 43
3334 40
9293 5
6650 5
2748 30
1002 30
2382 0
3983 19
3611 43
6019 5
6531 30
4066 43
10104 30
4809 31
1343 43
9481 30
7282 30
5800 30
408 40
350 43
3087 43
5818 30
10047 30
6189 30
6293 30
9388 5
8195 30
9326 43
4165 30
10116 43
1994 18
1598 43
477 40
6349 30
782 43
2272 21
8288 18
2285 30
748 30
81 30
10231 43
1870 21
3572 41
8192 30
8320 30
4088 30
705 18
7670 43
8735 41
8300 40
5348 5
3838 5
9650 30
582 28
7916 40
1051 30
2695 30
8835 5
726 30
6108 31
4540 18
2796 30
6117 30
1624 43
6894 30
934 43
5284 18
2666 30
5972 55
6863 30
9526 57
6687 40
0 18
10001 30
4328 43
7247 30
9310 43
749 40
5666 30
7997 43
803 33
7043 18
8807 43
4924 18
9474 18
6382 19
2349 30
8776 43
3014 30
1984 30
6883 19
8912 18
3737 43
2696 40
2155 18
3312 30
1885 52
9346 5
9403 30
1197 57
8059 43
10087 19
3647 30
682 5
347 30
3241 43
5415 4
1384 43
655 40
7296 30
5060 55
8478 18
8984 43
2372 18
894 40
7074 19
5989 30
2296 30
8601 30
1773 30
10131 25
1062 18
2750 40
1478 40
2916 40
8737 43
2560 30
714 30
9033 30
6953 18
7943 40
2985 43
6693 30
5864 43
1277 43
4998 18
8833 40
6112 18
3697 18
4349 40
6389 43
6338 18
1339 30
6795 43
4564 50
8265 30
10169 30
5904 43
1901 30
6226 18
9944 30
6216 30
4539 18
2523 19
8985 30
4495 30
4988 43
8024 40
3449 55
2817 36
676 18
4146 30
2072 18
9240 30
9411 30
474 30
8659 5
8915 40
6098 30
661 30
6784 55
8223 30
10155 47
8636 5
1108 18
4260 30
9843 56
4334 28
5358 43
403 30
9017 5
9531 43
4072 18
123 40
2077 40
5157 30
7351 43
1455 43
7431 57
2587 18
5973 55
3857 40
3071 30
7775 30
4507 30
3195 30
8444 19
7229 43
8983 41
8375 40
2107 18
10193 43
9718 30
4163 30
7255 43
4099 43
3011 30
7686 40
5215 43
121 30
7347 30
2193 43
692 18
5327 30
3399 55
4992 40
4299 5
7111 19
3808 43
9321 30
10249 30
5473 49
3540 57
9693 18
1522 30
412 5
5788 40
1118 56
2970 43
3389 30
3040 57
3403 25
3473 40
5137 30
1762 43
3777 19
4706 18
1860 18
5577 2
1669 30
223 18
968 43
1364 19
354 30
7131 40
1448 18
1596 18
3984 50
6676 55
10176 30
2709 55
1667 18
1111 43
7334 30
1759 50
5528 40
1189 43
1948 30
2461 30
1714 30
2576 43
1134 55
8334 18
1376 30
7003 30
10153 30
6129 30
2443 1
3170 30
4822 40
3243 30
1231 30
3533 43
996 30
9953 18
10077 43
2813 30
6983 5
4577 30
3567 30
3504 30
9974 30
4401 30
5710 40
851 43
7022 40
387 43
4362 30
5096 30
6990 43
7806 41
8641 40
9565 43
7075 40
8805 43
4277 30
6514 41
10301 43
2026 40
5103 30
24 19
6012 40
4185 30
4861 30
9164 43
4171 30
9462 30
5886 30
8914 30
10274 55
5815 43
532 0
8844 30
6485 30
1398 30
301 19
7684 27
3447 19
5546 5
6552 19
4664 43
882 43
5561 5
4019 30
947 21
3107 40
8575 30
8894 4
10017 27
1422 18
9608 30
5848 30
4387 30
10285 30
1300 30
8640 30
8114 18
8691 43
4050 9
4880 43
1832 30
6702 30
8352 18
6973 30
6230 43
313 57
8658 30
1845 30
5080 18
1439 40
8908 18
10025 18
6618 18
1314 30
3868 5
10144 40
3172 40
9408 30
7415 30
7882 43
233 30
10159 30
6527 19
7614 30
4464 40
8927 21
4985 30
7024 40
9037 30
1073 30
2724 30
5405 30
1462 55
5726 43
3767 30
9097 43
8011 5
6443 30
5948 30
6803 30
4973 57
4173 43
7862 19
2778 43
3625 30
2366 5
8696 40
9369 30
5064 55
2117 19
897 18
6009 18
9 4
9395 18
687 43
6140 45
8458 30
9045 43
7064 57
10196 30
2469 30
3234 19
65 30
9619 55
5436 43
7230 30
6560 31
7653 30
2759 18
6837 30
6414 43
4557 18
2944 30
2601 43
2909 21
6265 30
3573 30
6421 43
5024 19
9381 43
1319 40
9030 30
1647 30
7365 30
9472 19
2157 30
4091 43
1780 21
2627 18
5104 5
2046 43
4370 18
7984 40
7012 18
1401 43
794 30
7812 30
8950 19
2849 30
5651 30
6661 5
5222 30
9266 43
854 30
8408 18
9420 57
1752 55
564 43
1599 19
3146 30
1895 43
1110 18
10335 43
7526 30
7618 43
10302 5
8002 18
2923 30
5911 40
7438 30
3656 30
2873 43
7052 41
2920 19
4324 30
2690 43
5167 43
5950 40
3398 30
4815 30
6060 30
1481 30
7503 30
7557 5
4338 30
5312 55
7401 55
7587 19
10063 18
6732 39
4021 30
9424 5
2836 30
1620 43
4502 30
3993 18
4310 40
5866 30
1227 5
9519 30
8118 30
4587 30
2080 18
8692 43
9351 30
5610 30
6412 0
6769 43
4641 30
2294 30
7691 43
1144 55
4203 43
7045 43
5242 40
9086 30
7029 43
7834 30
5798 43
5590 30
9171 19
10113 18
7787 40
50 30
9817 5
1258 30
5140 19
5265 40
1052 57
126 30
9385 30
4059 19
9725 5
6648 30
9413 19
8877 18
7473 18
7358 43
7949 19
9194 30
6196 30
2668 43
10157 28
3635 19
1091 30
4494 0
6762 43
1060 30
2288 43
8423 30
1963 18
2512 41
9910 30
7582 30
9520 30
4711 57
8472 30
151 30
4279 19
8866 30
644 30
8910 40
3951 30
1936 30
1880 57
8772 40
4709 55
3478 41
9538 50
4014 43
4479 21
2968 43
10350 40
3029 2
8986 5
8945 0
6151 30
3426 29
10202 19
7784 18
7607 40
9497 43
1176 43
6714 30
7465 40
10251 5
8008 41
4242 30
9262 19
8417 43
1928 57
4840 30
2928 18
3209 40
6770 19
2304 30
3677 5
9025 43
5498 18
5174 19
9378 30
9751 40
1031 5
428 30
7145 43
6082 40
2220 40
1652 40
2535 30
325 5
1556 30
648 30
5997 18
7395 30
3108 18
8819 19
2308 30
4332 5
5836 30
8188 55
1739 5
10292 55
4685 30
4725 30
1034 40
8429 30
3985 30
1634 19
3498 30
3691 30
5281 30
1050 30
9882 43
8231 19
7404 28
6727 18
2716 30
6820 30
7990 30
9524 5
4250 39
3543 40
6450 30
5406 43
1804 43
8197 30
4442 19
7743 57
5801 5
4283 30
8529 30
5355 40
10188 30
4229 30
10347 30
219 43
3302 57
1385 30
6745 40
21 30
4307 43
6487 30
6859 30
7169 43
1152 5
9480 30
3922 30
5496 19
237 30
165 30
9234 34
2882 57
9091 43
9887 19
3031 43
8158 49
6486 55
2198 30
2988 43
5781 55
3467 30
6463 19
7510 30
5630 30
4211 50
596 18
488 43
5787 19
426 30
2819 18
5135 40
5524 43
3663 30
9685 18
9875 43
3866 19
4640 30
3814 43
10351 30
8673 43
1894 40
2973 30
4813 0
8261 30
1018 18
6356 18
7626 40
7658 19
4182 30
5658 16
7089 50
6764 41
2266 30
557 5
307 18
3137 30
10147 40
3156 18
6722 57
277 30
5500 30
4051 30
2921 43
3730 19
4033 40
3969 55
6160 30
1124 31
3361 41
3270 30
3140 40
5013 33
4713 30
8977 30
9280 57
7725 4
9521 30
4296 30
6917 55
3338 19
1194 30
2816 43
9800 30
10367 30
8049 43
2989 30
3090 5
2579 30
1461 40
3964 30
3404 57
9626 18
9179 50
8354 30
310 30
1074 43
9518 30
2913 19
1320 43
2357 30
2986 43
1265 40
5545 43
1021 18
2975 43
1796 18
2721 43
8884 56
7195 5
6788 19
6148 30
5041 41
6047 30
5298 43
3419 43
4306 30
8680 43
8038 43
8208 40
1996 57
5826 30
8435 43
2145 18
8403 19
7081 40
8001 4
6251 57
9943 19
4405 19
2383 49
5391 30
3065 43
8111 53
7507 43
5478 18
6368 30
147 9
10209 30
9912 43
8271 40
2347 30
2328 18
4340 19
1117 30
3943 43
10085 5
8390 18
4395 5
3190 43
6424 30
480 43
866 30
2068 30
1027 49
10269 43
5302 19
8180 30
2755 27
5766 30
5752 30
9083 43
5194 30
164 30
1868 18
5684 30
5053 33
6720 43
3836 43
4469 40
5998 40
4128 31
5830 30
296 40
7623 30
9122 19
808 18
8382 57
1765 30
9185 30
6904 43
8740 43
5305 43
1913 18
6426 40
8302 30
4659 18
1998 18
2534 30
5003 40
3376 43
2151 30
2809 5
6561 30
2998 40
8907 30
5627 30
4979 30
7919 30
7663 40
2934 30
7960 40
3088 43
5440 43
8230 40
845 5
10365 18
8279 2
3980 30
7209 18
8289 19
9120 30
1174 43
290 43
5040 43
529 40
2286 18
2797 21
7525 30
8783 43
3563 40
7354 55
7271 5
3002 50
3401 30
6119 21
4156 30
9178 5
3860 40
1543 18
4354 40
7588 18
9380 13
9930 55
4318 43
6246 57
8794 19
7110 30
7528 18
10358 4
8716 30
3364 30
4244 30
2064 18
5100 19
4336 40
9770 30
1903 30
3699 40
7062 30
8947 30
892 30
6199 30
5359 30
6905 30
4178 30
3909 18
9442 30
5480 40
2577 30
7207 5
4127 43
5730 18
3299 40
5654 43
1960 19
4987 18
5646 19
7141 30
3698 5
5129 30
6778 40
6145 30
1076 41
7808 30
4601 5
2547 40
1955 30
1926 30
3115 30
8864 19
2221 55
8699 30
2367 30
5565 40
2789 43
7378 19
3194 43
9639 30
1078 30
170 30
3256 19
9648 30
848 19
5454 43
9743 21
1280 30
1873 0
8166 43
7008 18
45 30
9849 40
3662 19
2983 30
8677 30
1184 30
7345 19
17 18
7887 55
7580 30
8349 40
5694 30
2323 43
5170 43
3265 19
3103 30
5727 18
7496 30
7035 57
3793 50
2187 40
2389 55
640 30
7847 30
5343 30
9864 30
1295 30
7561 30
2449 43
6169 30
769 30
1072 40
8496 30
4566 43
2289 55
2377 19
2200 30
7706 40
3382 50
6231 5
6195 40
432 30
4631 30
2639 50
4827 30
1420 30
9964 19
7571 40
993 5
3358 43
7720 57
2463 43
8167 18
7178 43
2459 43
9488 40
2146 30
7479 30
746 19
5251 19
6807 5
3351 41
3897 30
2411 30
7242 30
9777 30
9778 18
7276 40
110 30
8019 40
4610 30
8895 5
6792 55
6250 5
3446 55
990 30
7948 30
6559 19
6137 19
8067 19
6590 30
8149 30
5580 40
78 30
3148 21
795 18
7541 30
3593 30
6072 30
7168 43
195 18
953 30
2433 30
733 43
7622 43
642 30
841 30
4563 30
117 5
10118 30
1541 45
1740 30
5519 43
1000 30
936 30
3292 43
4409 0
2947 27
9945 40
970 40
6215 30
10328 50
3019 30
9607 30
4463 18
7208 18
3050 5
675 30
6221 30
2950 19
4008 43
9522 40
4159 40
5894 43
1517 43
778 19
6306 30
9507 57
8210 8
3542 5
1950 18
5226 30
3310 19
6418 30
7792 30
8791 41
2908 30
4585 57
9163 19
3962 18
7638 43
8252 18
4894 30
9230 30
1678 18
1440 30
5587 40
9325 43
2315 30
5418 5
7912 19
3003 43
124 40
3648 19
1867 40
7925 30
8858 43
6675 57
5884 55
3197 43
9570 30
9666 18
7457 30
362 19
7421 30
2445 30
6614 30
9571 30
10289 30
10287 30
6850 30
1609 30
2776 55
5598 30
3882 30
4319 40
3161 57
9292 40
752 30
6873 19
2277 30
9360 40
4281 43
346 43
5139 43
8241 21
7549 43
2414 55
4893 5
8825 40
5118 57
7197 30
6755 30
5831 30
8174 43
433 40
2522 30
2442 18
5101 40
1500 30
2095 30
3888 30
6024 50
3631 18
3158 19
10349 18
8614 43
6735 30
507 30
462 30
8769 43
270 30
7568 30
6738 18
7033 40
8925 40
10078 43
9224 30
7810 18
8400 19
8088 43
3590 43
7025 5
6268 18
4248 30
5962 40
3317 18
6651 43
6380 43
3448 30
7814 19
755 40
4743 40
2268 40
5081 30
3693 30
3000 43
9054 30
1057 18
4071 26
3102 30
906 40
9150 30
417 19
9855 43
8813 5
1791 30
5949 40
8814 43
284 19
5888 43
7315 40
3120 18
928 5
7067 18
6013 43
633 30
8126 40
6321 30
2741 4
9110 5
8676 19
2504 55
2217 30
6470 43
4060 19
9814 40
6163 18
3632 30
10079 30
2590 40
10125 30
8015 31
634 30
6555 43
3129 40
3955 18
4881 30
6090 30
878 56
1784 30
2568 40
7973 18
2110 5
5775 43
1760 30
6622 43
6247 30
9152 30
8559 30
8363 40
8650 30
9261 19
29 21
4571 5
9809 53
6503 30
1377 40
2002 30
722 18
4722 18
830 30
4485 40
4655 30
5708 43
3479 19
9865 43
5670 11
6546 43
4265 30
4368 43
1570 40
2785 30
3396 5
4261 30
2464 21
1129 43
7534 5
3941 50
3830 30
8886 19
3789 30
3915 30
9047 2
1569 40
10000 55
2866 55
3828 30
3469 30
3666 43
3370 30
9392 30
4892 19
1585 43
3994 57
7880 30
1969 40
8511 18
1010 5
8906 30
5537 54
7839 0
9039 30
7904 30
2404 40
245 30
3989 30
1366 40
7905 19
8295 43
10207 30
1935 43
5857 43
3421 19
6042 18
2303 19
2058 5
9464 40
4999 19
3996 30
2865 30
561 30
3978 50
6020 43
761 40
1806 19
1341 30
3686 55
7236 43
1235 30
2561 55
9311 43
2784 13
8368 50
2356 18
9941 57
4428 30
10319 30
6350 43
9294 30
4832 30
6210 30
31 43
4266 18
4914 5
7542 50
4096 40
10061 19
8343 50
191 43
6794 30
7899 50
7843 30
9735 30
6156 30
2956 19
367 30
8998 43
4850 30
6313 30
852 55
6587 19
2530 43
10355 57
5190 30
2904 43
6475 30
319 30
5887 8
707 40
9263 43
6887 18
2234 30
8311 19
4419 18
1700 19
5612 30
5426 19
9490 43
3723 43
2334 1
1147 30
143 18
5980 30
859 19
9799 40
5618 30
4778 19
1886 4
1122 5
9723 19
4445 30
9374 43
10003 8
7789 40
6885 40
7628 43
4592 4
5706 40
5816 43
1019 30
1352 30
4794 40
1640 43
8543 40
8724 30
8578 21
478 43
182 30
9202 43
964 29
2258 19
5615 18
1148 19
2856 30
1516 57
8668 57
2808 30
6903 30
8115 19
348 19
710 30
4777 30
7694 55
7079 50
9330 30
6862 30
983 43
8449 30
7971 18
3626 1
8865 30
7469 21
7501 19
3624 30
952 30
3164 30
2396 43
9087 30
1125 30
6665 40
5353 30
1573 30
5616 40
4101 19
7959 30
3565 43
2946 30
3439 40
6872 19
8134 30
7601 41
2078 5
7933 50
7237 40
2877 41
7246 30
8190 40
156 43
2400 30
3912 5
922 30
9410 19
1578 43
6277 30
5228 43
6203 30
5289 30
920 30
9545 30
5813 19
5382 26
2092 43
880 40
7870 30
5512 43
932 30
3752 30
2067 30
8651 18
3259 30
3481 43
9218 5
64 43
1746 30
5675 5
5453 40
6918 43
2586 43
2295 30
5592 30
1056 5
8887 43
2432 43
6334 30
4276 30
4002 5
7373 30
6106 30
3405 30
987 30
4945 43
1109 18
6155 43
6533 30
1906 30
435 19
9847 43
5185 30
5395 19
3225 18
8053 30
5161 41
9056 18
6100 30
3559 43
463 19
2033 41
3493 30
8281 43
7495 30
379 43
2062 43
1509 43
7553 18
8113 30
6126 19
8638 43
2181 43
7254 18
7794 55
7846 30
2869 30
527 30
4049 43
3387 13
4110 19
7579 43
4056 30
9866 43
254 19
1617 43
8214 43
8078 30
8467 43
3174 43
9833 18
4175 30
1362 40
1797 30
7092 30
5768 43
7353 30
6315 18
2883 30
5814 30
3402 43
9393 18
7603 43
3246 19
2313 43
4646 30
7015 10
1638 30
5384 30
4663 45
3255 55
2626 41
1281 5
5422 43
2271 18
4384 30
5647 55
4321 50
4487 31
5971 30
7821 30
7424 19
1601 30
36 19
8459 30
1168 19
8778 43
1939 30
5569 30
4065 40
5102 43
5638 30
1565 30
5882 40
5317 30
5356 40
7037 43
7408 30
244 40
9914 43
7558 29
683 30
7494 5
7900 30
5744 43
3528 30
4547 43
1654 43
249 30
4486 18
6004 29
4780 40
3463 43
6269 27
8499 0
5750 30
6094 19
8041 30
9921 4
4535 40
4836 55
3211 19
699 30
7979 40
6244 43
4617 30
7754 30
6719 43
4047 18
6001 55
7418 43
4454 18
6926 40
7095 30
2940 30
1438 4
7989 19
5270 30
4133 21
9763 30
8684 18
6316 30
1305 43
1089 38
3249 30
1303 40
3621 30
8157 18
5439 43
4309 5
9349 43
2374 30
5247 18
6998 43
9458 30
7060 43
2399 0
7751 30
8868 30
2876 57
8646 43
6931 30
6815 55
1397 30
5320 18
2375 5
1815 30
9454 19
340 43
8823 40
5722 43
1145 19
1502 30
381 0
7827 5
8137 30
1321 30
3459 21
9602 5
8196 30
6790 19
6168 18
3819 30
9791 0
4747 43
9620 40
102 30
1405 55
6341 35
2979 30
5579 43
6987 19
2478 18
6962 30
8585 43
10042 43
7344 30
4237 30
3975 16
9511 18
4215 30
2553 40
4192 30
1635 30
4504 30
7011 43
5072 30
1877 43
1230 43
6102 40
8871 30
3877 28
4416 50
7584 50
2336 19
6749 43
6920 43
4104 56
9962 30
4928 30
3269 41
4837 18
3205 30
6509 30
2874 40
6406 30
7875 30
8999 18
4724 26
2455 19
4599 30
111 43
2048 19
4189 30
9613 33
2777 30
10204 18
650 30
2730 43
6457 43
1552 5
1715 30
523 30
9324 30
2727 30
6309 30
8570 8
860 30
8422 5
2961 30
2589 30
5445 30
925 18
7777 57
5908 41
4851 18
3368 57
2430 50
2201 30
4360 5
1563 30
8073 43
4460 30
6344 0
9317 30
9160 40
4741 30
4005 30
4082 43
1817 30
645 30
2661 15
9812 50
9177 43
6912 0
10294 30
491 30
954 19
6249 19
483 49
4903 30
4584 43
8507 30
8396 40
7488 43
7655 43
4376 19
4012 30
8550 30
5563 43
9950 30
2491 19
2370 19
4704 30
2320 30
4158 43
479 50
3657 19
3979 18
10316 40
9359 43
4550 40
8316 30
7006 40
8969 55
4948 18
2322 40
2051 43
2379 43
7871 18
5219 30
10062 30
2494 55
6771 40
4322 30
6492 18
8654 30
3290 30
3998 30
9243 30
9269 30
9806 4
3609 30
3646 30
2331 43
8788 30
4499 4
3228 43
5560 19
1163 30
7829 19
6898 43
6741 40
7244 26
9750 56
1032 5
3600 43
5255 43
1545 30
6351 18
5959 19
6229 18
4157 55
4227 19
3318 40
9389 30
2391 30
6907 30
944 43
7226 30
7674 43
2739 30
1770 30
1221 30
4681 30
3788 43
7763 30
8063 30
7524 43
4991 5
8471 43
3295 43
6910 4
3711 29
2054 55
3651 31
7564 19
6688 21
2890 18
7805 43
9700 30
6644 43
7647 30
6659 43
2102 5
624 30
3417 57
8442 30
5771 30
9688 30
8899 18
5859 19
3918 57
992 40
2791 30
7913 43
6642 50
6892 40
8837 43
8608 19
10022 5
6211 30
6704 30
7291 55
2030 30
47 19
1788 19
5844 55
6933 4
9529 30
3023 43
5976 30
4574 30
1542 30
4959 30
7017 30
2492 30
1965 40
6591 18
9959 30
3016 40
1729 31
6705 18
6997 18
8461 19
7337 30
7459 40
8081 43
8652 30
9124 40
7644 19
2854 5
6448 30
7849 5
8419 41
9483 50
2993 43
129 30
9680 41
1246 18
8834 43
7732 43
8410 30
7597 30
3414 43
2537 30
3492 41
10069 43
8373 25
3213 30
6300 55
627 30
6392 30
5889 43
9794 41
2505 55
7733 18
869 43
5529 40
4106 16
8498 30
10296 30
8249 30
9353 30
8477 43
7811 19
2673 43
9665 30
1007 43
6731 32
7137 19
3452 43
5840 30
4647 18
9707 30
5128 30
8586 30
504 43
7232 43
3365 19
8707 55
9400 57
8220 55
2074 30
6157 18
5782 43
9068 40
5747 43
1306 30
8597 1
7235 41
3712 41
3311 28
10145 43
4755 40
4421 30
7021 43
5707 19
501 30
657 18
1410 43
3562 30
2281 43
3913 30
7297 30
1418 19
10156 30
2584 40
7104 30
10170 30
8445 43
5671 30
3546 40
8485 43
1268 55
4933 18
5573 19
608 30
2418 30
4414 18
646 57
7819 43
10121 40
7926 43
9931 30
735 43
7364 30
962 43
10261 43
3904 18
9534 30
9284 29
231 57
4238 43
8753 40
2677 30
451 40
6405 18
6909 40
4441 40
4251 19
4799 18
10075 30
7444 41
6826 13
5600 30
8293 40
1159 55
216 18
8457 43
1020 30
9231 55
4483 5
1155 43
7840 41
8780 30
9357 30
8609 4
8746 30
9766 18
7600 40
4348 4
4118 19
8765 18
969 30
6489 43
6841 43
4018 19
8632 30
5681 19
4372 40
9027 40
5459 30
3561 30
8968 57
4938 30
3899 43
2298 30
3474 30
5812 43
7167 30
5491 41
3222 41
678 43
583 18
6654 19
4859 43
520 5
893 40
1524 30
7054 30
8125 30
6071 30
2317 30
1501 30
10345 55
1884 30
476 30
10338 5
2191 18
9010 30
331 30
6525 43
3591 5
10013 2
903 30
328 43
7866 19
2500 43
7986 30
8542 19
8554 30
1095 18
8603 43
1840 19
9107 5
4042 21
9436 43
4926 57
9121 19
3185 30
740 21
500 43
3191 5
6291 40
146 43
2867 40
3716 4
3618 30
3442 30
5162 29
5871 30
5981 41
3480 30
2044 18
4931 43
9719 43
3672 30
3072 40
8935 30
4819 40
1275 43
9558 16
3494 30
1843 55
1009 30
5366 43
4303 18
1776 30
741 43
9123 57
6014 18
5326 30
6073 30
9890 30
9180 30
5184 30
8345 40
1976 40
3874 43
7521 55
5211 30
528 43
3680 27
1566 43
8962 30
6624 43
1891 50
1923 30
812 43
6220 43
2376 55
2137 43
6604 19
7252 30
5856 30
4196 18
1212 51
6176 19
4572 1
8446 57
9651 5
3078 43
4624 43
5494 40
9853 43
4282 40
2346 5
4160 30
1190 43
3326 30
2311 40
3681 30
7536 40
5230 30
9862 43
2208 30
5843 43
8682 41
10146 30
9733 50
2329 43
6031 40
10174 21
3709 43
1434 30
4660 40
5946 30
4098 43
6752 9
515 5
9816 5
9204 5
5045 43
5112 21
8057 30
4524 41
5575 43
7659 19
7975 19
7702 30
7076 43
2917 43
8310 30
9255 43
643 30
9919 30
747 30
8967 43
3223 18
1449 40
2004 43
378 30
9646 30
6353 30
5883 43
7707 43
3628 5
3373 43
8297 30
10084 30
6653 55
6120 40
797 30
1995 30
366 18
7157 8
8235 30
5975 30
9067 43
3475 18
2280 5
1365 40
9373 43
8141 21
2811 19
7759 43
6260 43
9773 18
1967 30
759 30
3392 5
1483 30
49 18
9135 30
8921 43
7335 30
7274 30
9053 40
10133 43
3208 30
7757 40
5079 43
3063 43
4135 30
9184 30
202 30
2664 43
6601 55
572 30
4300 19
8562 18
2766 43
855 43
2359 30
10130 30
1933 30
9668 40
10230 18
4843 5
8301 43
9844 43
7594 30
8124 5
1712 43
6188 43
26 5
7867 13
6374 40
1604 40
1572 5
8510 5
205 5
314 19
6860 43
3873 30
5263 41
1350 30
1128 43
2384 43
9720 30
5897 40
10134 30
5906 19
1695 28
4361 18
10372 43
4939 40
4657 40
10139 30
8973 30
7125 40
1878 19
780 57
871 30
9903 30
5015 55
4719 11
6600 18
4544 43
974 30
4270 43
5743 18
5824 30
9259 21
2087 5
4268 30
9249 30
9390 30
4804 30
1871 32
5465 30
4181 19
5239 18
3818 30
9756 25
3949 30
1380 19
8622 5
5413 30
75 55
438 30
4198 8
611 30
649 30
9643 43
6280 18
8990 40
7285 30
6183 30
8194 43
8817 19
1139 43
2599 55
4875 14
9181 18
8119 30
7241 19
773 19
559 55
304 18
10033 55
3622 30
5595 43
2152 50
6479 30
3930 43
9663 18
7114 30
10109 30
6930 30
2456 21
6518 30
9208 18
10271 30
4673 43
5410 43
8365 18
7176 30
7280 5
9237 30
3114 43
8234 19
1660 0
2857 30
8764 19
5516 30
6074 57
9089 30
4519 30
8487 30
3950 30
9422 5
10237 30
8729 30
6880 30
95 40
6345 40
9706 43
8146 19
7898 18
5452 0
6615 30
3960 43
2203 43
4622 30
8026 55
8020 43
9935 43
2205 21
3258 30
7665 30
6717 30
5511 30
6610 43
2150 5
6121 18
7613 19
3529 43
8630 4
4136 43
5369 43
9878 30
425 43
3096 30
2236 18
7058 45
10048 40
8407 30
9985 41
6928 5
2924 55
2903 19
8023 18
1747 40
7201 55
3822 40
9063 30
5133 19
9840 30
6758 30
76 40
6398 43
5470 43
8846 30
5065 5
8874 50
2681 30
895 43
1925 27
1755 43
8806 43
5605 18
5481 0
6007 30
7652 43
9371 57
7841 40
7967 30
1593 57
1829 18
5827 43
1489 30
3809 30
8572 5
9044 18
1127 30
9285 30
135 1
2788 50
8700 30
7980 30
3186 30
4754 43
1101 55
271 40
6698 40
2124 30
9640 30
3445 5
226 43
3907 18
3385 19
7094 43
267 43
3428 40
2039 43
153 30
4320 30
3931 43
5714 30
5558 28
3535 55
8995 30
7019 5
9046 19
1185 13
9732 43
838 30
8066 49
8553 40
6632 30
6968 55
5351 43
7515 43
1639 30
2330 49
7188 19
2803 30
6396 30
9342 57
9365 40
4295 50
1964 30
3410 5
2263 30
10148 30
5754 30
1 40
3386 30
9441 57
8551 55
2038 43
2390 30
8209 5
5495 5
3782 30
6016 43
8842 5
8187 19
8151 19
8695 5
9448 19
7598 40
6376 30
7753 30
5146 30
4022 43
3810 19
764 55
3061 30
1183 40
984 5
10163 30
2466 30
5719 40
7779 43
4043 30
2120 30
2818 21
2622 30
6656 56
5477 43
3661 30
7567 30
9476 30
5597 43
7440 30
1435 30
6707 30
282 41
1024 30
6884 43
1971 30
10359 30
1466 43
2688 43
6960 30
6446 21
5791 30
7709 19
2501 18
8307 40
1225 19
9486 5
8421 55
8327 19
9487 40
3253 30
2550 30
5342 30
9932 19
6652 18
10224 13
5601 43
6346 57
4230 41
8335 19
3291 5
1583 30
3603 28
5991 40
8094 30
2338 50
5780 55
3231 30
9669 49
1368 30
3100 13
4235 57
10218 30
6296 30
7552 30
6141 30
7371 30
7548 30
9407 40
6245 5
7891 30
1188 57
18 55
999 30
5687 57
7719 43
3369 40
4075 30
6390 30
3780 21
5297 30
4262 43
7646 41
3128 40
5361 30
3313 43
1575 43
4290 30
6996 41
1403 40
1535 30
9860 57
3135 30
5819 18
9909 16
1574 43
819 19
7726 41
806 55
9552 30
4630 30
1421 43
4025 4
1017 43
10181 40
8757 30
8338 18
2267 5
6136 43
3130 19
7744 5
9011 43
7788 19
9509 30
9625 30
5434 18
2473 40
3237 30
2454 30
2475 43
8032 43
5173 30
3344 19
3101 57
1525 30
1181 30
7620 19
8163 30
1270 18
5116 30
9491 0
4169 43
6620 30
8286 43
1723 57
8798 55
7228 8
137 55
8743 43
1237 30
7357 43
1387 18
989 40
9658 5
8725 30
2675 43
2689 30
7593 5
1904 57
485 30
2385 30
635 30
1087 18
7423 5
2247 55
9805 43
9560 40
3321 41
3944 40
8227 30
9162 30
2532 13
6208 43
7942 30
873 30
2104 18
6054 57
3165 18
495 43
3965 5
1594 30
3638 43
6496 30
9013 19
6500 30
4392 33
4962 55
4074 41
9223 30
9897 5
2299 19
1848 18
389 2
4529 57
5518 30
2253 2
360 18
7132 57
1064 30
1236 5
8273 30
4272 19
4515 30
8145 30
6937 29
7245 30
5188 55
9758 30
7654 43
8760 18
351 40
1713 30
8309 40
9699 57
912 21
7422 5
5486 55
1510 43
2216 43
888 43
8254 21
2167 43
3953 40
7955 40
3390 5
6630 43
1592 30
1361 30
7666 41
7134 18
4817 30
9714 30
1661 43
2468 19
2344 5
7305 43
2008 30
5533 30
584 43
2743 43
2544 30
10150 30
1577 18
6730 30
1123 30
5183 5
44 30
7893 5
7487 40
8142 30
4252 30
9618 30
9841 40
1464 30
6372 30
422 18
5063 30
8018 18
9303 30
2551 30
4782 4
1529 43
10356 56
9396 40
2624 30
7698 30
6831 40
4525 55
113 30
8996 30
5956 18
1273 43
3460 18
302 43
2422 43
215 0
743 40
1662 18
5107 30
5847 30
8589 30
6287 43
1515 43
9504 43
8248 43
4369 30
2769 30
269 30
5160 40
7100 21
1692 40
5134 55
9592 30
413 30
5785 43
6638 43
3455 30
629 18
7538 43
4389 41
4305 5
3303 55
3043 43
2563 55
72 5
5324 40
10059 43
1899 30
5755 30
2047 40
785 50
5550 30
1436 30
59 43
10149 43
6988 19
3583 49
5381 30
7844 5
5551 40
10143 30
835 19
6361 30
4650 30
5581 4
8957 25
5924 43
718 5
67 30
1761 19
548 40
2305 30
8395 30
7343 46
5399 43
2686 19
1564 5
8099 41
6130 43
10111 30
10020 18
4854 30
9449 29
550 40
10257 30
1121 30
1470 30
4949 43
5057 43
1751 19
6206 30
9576 40
2036 30
1985 30
1186 55
3906 43
7403 30
6977 40
192 30
8096 30
329 18
2233 30
622 43
2405 30
3821 30
7519 40
3300 30
9793 40
2229 18
6404 30
10168 55
4345 30
4003 30
7220 57
8762 43
9870 19
8450 40
58 19
5383 30
2889 19
802 30
1512 55
10215 30
8042 30
924 43
8441 18
174 30
1753 30
7206 40
588 18
9283 30
5680 0
1864 30
7046 40
4054 40
4493 49
1684 30
4028 19
1929 40
9781 40
1437 43
2910 30
253 30
9058 43
6867 30
941 55
414 18
4965 43
4656 30
5186 30
6621 21
4388 30
1204 30
4496 30
788 30
6006 18
2798 57
7217 19
7856 43
5728 40
4194 30
8588 5
9842 19
1643 40
2569 43
7718 30
677 30
2013 30
9073 30
175 55
2731 19
9402 40
2 30
7449 43
569 55
4536 29
6786 30
6578 30
364 5
9991 30
8664 30
7474 30
10070 5
6582 18
840 30
7947 19
5068 29
5552 21
2279 30
2462 55
8406 30
9066 43
2714 41
10098 43
8405 1
1206 5
6327 30
2536 30
10126 29
3126 30
7836 30
7258 43
5631 40
9936 4
8095 26
6567 43
3658 30
3331 30
5531 57
7174 43
6477 57
7645 18
1322 19
6948 30
6065 43
4085 40
7572 30
8376 18
330 30
6166 43
7059 19
2009 18
5501 40
5738 30
10242 30
2691 43
9698 26
4930 43
5268 30
3552 30
375 55
4700 30
6461 18
9675 43
3309 4
9771 30
7758 30
2659 5
193 30
3734 18
2800 30
3337 30
6362 30
5861 30
4231 43
902 30
2634 30
5809 43
7815 43
5554 30
3824 57
7929 5
1115 30
2912 33
1896 30
2446 19
3637 5
651 30
6444 40
3729 30
9019 30
5709 41
8885 30
7402 40
3807 30
1372 43
8854 43
9144 19
6593 18
3581 30
2722 30
8732 21
5912 30
10252 43
8520 43
443 5
4390 40
1987 30
940 40
9772 30
1974 30
7288 30
2261 30
7987 57
1311 40
5154 40
2926 30
7729 30
9654 40
5733 30
5000 43
9967 18
9591 30
7153 30
6103 30
6048 30
1571 30
6774 30
8993 26
4190 21
4498 30
6239 30
4811 43
9082 41
6422 30
8728 21
4752 43
2540 40
3588 30
6143 43
8359 43
2380 55
1549 30
9749 40
2090 40
7991 30
198 5
6348 18
5262 18
4814 43
6375 30
7163 43
3592 43
9694 30
10317 19
519 40
7883 19
3921 30
7693 43
6297 43
8159 18
7071 30
3852 40
1427 13
3605 41
9106 30
7224 29
7072 43
7537 43
2643 30
1467 43
4456 30
4337 30
3924 43
5223 57
9584 43
4520 18
7198 18
2648 30
8486 30
3871 30
8322 30
4234 18
10280 19
2213 30
8557 30
7085 5
591 30
8277 30
1153 30
7922 17
7159 30
9451 30
5285 30
3521 43
8756 43
3971 43
8611 1
160 30
5266 25
6830 43
6491 30
7481 19
4618 30
210 43
8926 30
148 55
5378 30
1394 55
844 18
224 30
6171 30
2388 5
9549 43
1530 43
8179 43
7300 55
1011 5
3257 43
9767 40
305 30
8532 19
4528 33
1408 40
8030 43
4224 18
6818 30
10346 13
1603 43
2995 30
9542 30
8225 43
2249 19
167 19
9886 18
3695 43
3576 43
982 5
5398 30
817 43
6435 56
1250 19
4155 30
5896 40
8547 43
3409 5
1682 30
5641 30
2228 30
9927 40
9102 30
2697 30
9034 30
6549 30
8710 43
3518 5
7894 30
9134 13
9465 57
5172 43
4907 30
2942 43
2548 30
9298 43
3671 43
1568 30
3393 18
7651 30
1946 30
1317 30
4009 43
5347 30
5599 5
9803 5
7158 30
8009 40
8523 43
9304 18
9673 43
9824 5
9622 30
8258 30
8752 18
8976 5
108 18
9109 19
9246 30
2012 43
8607 43
9460 30
3668 43
4327 55
3826 30
8046 55
5817 30
9064 30
10161 30
8606 19
4847 30
2135 19
2935 43
7920 30
13 40
6335 30
4269 5
7002 55
961 30
141 57
7210 30
1688 30
6576 43
2962 40
3502 30
8861 19
1892 19
8460 40
4298 19
5797 43
8758 30
2362 30
1584 5
6528 5
6992 30
2011 30
10026 5
9028 50
2828 43
4208 30
1374 30
5841 40
7476 30
8888 30
820 55
5509 55
1477 30
7648 30
359 18
1496 30
2340 30
8951 40
4556 40
10329 30
6640 30
5504 43
9873 40
7234 43
2600 30
6941 30
7923 5
1271 40
9508 30
6870 18
4708 49
1505 41
7309 30
5796 30
213 43
7283 19
1842 55
5916 30
6307 26
1787 43
4152 30
1257 30
1395 29
8946 57
8385 30
2957 43
9734 30
6893 41
7312 40
8007 30
9170 56
5158 43
9907 40
9776 13
9195 30
6646 40
7264 40
7993 5
2638 40
3905 30
3157 30
4915 31
10369 5
8412 30
5792 4
8280 19
9099 43
10312 43
10342 19
577 50
1026 40
2183 30
2373 30
4200 30
3739 57
8200 30
2274 5
6039 43
4750 43
8879 18
5249 25
6162 30
1546 18
9830 43
4728 21
178 30
2937 40
6554 30
5419 43
4947 43
96 18
3044 43
1054 43
6395 5
1389 18
9203 43
5098 19
9628 19
4771 57
5349 30
9149 55
10099 25
6825 40
7331 40
1803 30
8786 30
568 30
672 57
8362 30
3902 40
1539 18
3124 5
4759 19
8701 40
9691 43
9081 30
6480 18
4080 30
7745 19
2409 30
3391 30
2251 30
8247 43
3159 40
1711 5
5333 9
9333 40
9815 43
1229 18
4614 41
3919 41
6357 40
7261 30
4551 5
7468 40
6453 40
2099 30
6263 43
9327 5
229 18
3196 43
10183 30
1649 43
4896 43
7180 30
3423 55
2531 18
9868 30
7027 30
4812 19
5020 5
5026 43
10290 43
2541 43
10326 30
2906 18
7995 30
1699 30
8913 40
6532 19
8305 18
8625 30
9598 40
3305 19
1308 55
5839 30
6598 30
6853 19
3298 43
1079 30
2232 40
1042 41
8599 30
7770 19
53 40
3653 43
2694 18
4898 40
9210 12
9745 43
5097 30
9023 30
9286 19
2520 30
7269 43
3081 40
168 1
5963 30
4936 55
5986 30
4154 40
273 19
2711 30
4869 5
10115 50
1193 45
7676 30
7551 18
2270 25
7387 30
8387 30
9000 29
7741 43
5346 30
1443 57
9998 55
4796 19
7429 19
2872 57
587 30
935 19
4141 40
2592 5
3837 18
5467 30
7517 18
9085 30
9113 40
6407 43
4119 55
1070 30
9605 30
6819 30
3068 18
7410 49
8035 27
8283 5
5739 30
6165 18
9060 30
2144 40
4079 18
7289 30
10288 5
2163 30
9075 43
384 43
333 30
4984 30
3121 43
8278 5
4982 30
6606 30
801 19
9684 30
2246 55
20 30
9900 5
955 43
8191 5
9256 43
5147 5
3304 43
3585 30
8165 19
3284 43
2402 30
4942 40
5544 19
3415 43
9852 43
10096 19
5695 5
7196 30
5668 30
7740 40
10210 19
8136 30
3757 19
3616 18
9711 43
487 43
74 40
5892 30
6550 21
5052 43
8655 5
3771 43
5614 30
3865 50
3483 18
9320 30
8997 30
3200 43
1916 30
8495 31
7458 30
2509 19
3248 30
3346 43
2770 43
9088 55
10164 43
3503 30
7514 43
5286 30
4078 43
1318 30
6041 18
5652 30
4048 43
447 30
7627 12
9220 40
3594 43
10327 40
4975 40
2543 28
8236 19
2902 43
4946 30
7007 45
4357 30
5424 30
3544 18
6502 30
9823 30
684 30
8683 30
5168 43
3118 43
4089 30
7355 40
8713 30
5978 30
3643 57
6802 30
4783 30
4826 43
6961 5
4768 30
7455 30
816 27
10206 5
4497 40
8109 43
2604 43
2571 30
54 40
4863 43
5164 57
3747 30
7362 30
9731 30
6520 30
8939 29
723 55
1008 30
7609 30
2143 43
1721 30
834 30
1191 43
10004 18
3744 40
22 30
5523 30
3139 40
5099 30
1093 30
3719 40
4964 40
6568 43
4731 18
647 30
1242 40
7756 18
2757 18
9934 30
9937 40
5036 40
9232 55
2827 30
2774 57
7930 30
7304 18
6878 5
831 55
1801 30
4966 19
2447 30
619 40
239 30
8720 43
9467 19
6726 30
2751 30
9300 40
686 18
8201 43
10110 30
7927 43
506 30
10360 13
9447 18
575 5
4669 40
3193 43
7671 27
1409 30
9708 30
2231 5
2753 30
786 56
2895 43
4698 43
7629 30
6572 43
5525 43
457 30
2147 43
1774 55
2354 30
2168 40
5267 19
3039 40
4031 30
3297 30
5455 30
1766 57
5206 30
4055 18
9819 30
4239 43
7383 30
4036 30
696 40
5960 30
106 40
7624 40
9797 30
3177 30
380 5
1807 5
2676 40
1835 30
867 30
711 18
10081 19
7778 5
4955 19
214 40
8425 55
7859 21
3710 40
6563 30
9966 55
1249 55
6201 40
8245 30
10262 30
5659 43
4150 30
10277 40
8560 19
2180 57
9942 40
9828 40
5490 56
2428 30
10101 30
1847 30
9250 30
4764 5
4730 30
8488 30
5420 43
1636 33
3547 21
8727 43
7714 30
1558 40
4437 40
1491 41
8972 43
1423 5
7050 30
7853 41
3794 30
10094 30
10024 43
4341 19
7417 30
8538 30
4671 19
1407 43
8672 30
4612 19
1519 30
4882 43
5435 43
4406 30
4749 43
5487 43
3053 40
1534 30
9489 18
3366 30
5244 43
1958 25
1587 1
8156 30
200 55
847 43
5280 30
614 5
5510 30
667 55
3082 30
10208 40
4666 30
5243 5
7328 30
5650 30
6243 8
9461 30
7696 5
2884 30
1671 31
556 30
3968 43
7679 30
10140 19
8133 43
8820 5
7399 30
10120 30
9760 43
1203 43
8690 30
3083 18
1290 30
3122 18
9495 30
1119 55
1285 48
107 34
1547 57
6951 5
2314 43
3842 18
7864 28
2746 40
7781 30
7762 18
4569 43
3785 30
6036 18
10122 30
10340 43
9582 43
9899 30
6209 31
6417 18
1292 30
2729 30
581 19
7048 40
5043 30
7416 27
9387 30
9401 30
6809 18
1889 29
1597 43
9379 57
397 30
4774 40
8698 30
6672 43
6018 30
6363 30
6700 43
455 40
6177 30
975 19
4482 43
768 55
7077 30
9029 40
4472 31
5636 30
6954 19
8860 43
1278 19
8777 30
6322 30
10300 30
1881 30
7504 43
2742 19
4240 30
4633 30
99 40
6634 30
131 40
9795 18
2566 30
2170 13
5622 30
9276 30
3748 30
4715 55
5665 30
315 30
4773 55
879 30
9834 30
8102 55
9200 30
6813 30
5423 0
2609 30
4748 55
6821 5
8274 30
7106 30
8521 30
663 50
540 43
7394 30
1253 30
4412 43
4954 19
5765 19
2437 30
8432 13
5867 31
1745 40
1626 55
2243 30
4776 30
1902 30
5087 43
3627 26
8071 5
7214 30
8924 41
10124 55
318 30
3999 43
8 50
8000 55
6086 43
4259 43
3306 30
8332 30
853 40
1411 40
9478 18
473 30
3354 43
10127 30
8313 18
736 30
8631 18
9790 30
7596 43
5464 30
8175 50
6629 30
9211 19
1827 19
1905 18
4399 43
5138 40
6736 30
3187 18
8101 19
8237 40
3319 55
9574 43
2262 30
8974 28
5929 19
8670 43
3116 40
2480 5
5171 31
5083 40
2129 42
10366 30
1779 30
5745 30
6829 19
1393 30
6455 18
5923 30
4 30
9551 55
2084 19
3641 57
5703 40
252 30
10275 30
4484 30
8296 30
3111 30
322 29
132 43
5428 43
4172 30
1298 30
7039 30
4579 30
1855 30
2972 40
1689 15
1645 30
3910 8
5676 30
6744 19
698 30
8938 40
3163 13
7191 19
2176 30
10214 43
2350 4
3105 40
241 40
8522 40
8829 43
4779 30
1837 18
8153 40
6161 18
1484 40
5432 18
3144 30
3106 30
8374 30
7816 30
1551 43
7577 30
560 40
7352 43
8855 5
5368 0
4474 40
9207 40
4105 19
6812 30
6544 30
607 43
7266 43
5682 18
10264 30
493 30
9645 50
5571 30
2997 30
8361 19
7120 30
2318 30
9155 43
1644 40
407 43
142 30
4035 30
8717 18
7000 18
6616 30
1907 30
5075 55
3524 4
8465 30
7192 41
549 30
260 40
3104 30
4902 43
2503 5
4289 30
469 5
228 40
8272 5
720 30
4645 30
2826 30
3706 30
6466 30
6989 43
6979 40
7065 18
8370 30
4249 30
1658 30
1576 56
6144 18
8515 43
7946 57
4742 19
1488 30
7204 41
1325 18
2256 19
2096 40
6495 40
7170 57
9683 30
9600 43
1997 19
448 43
3119 43
9940 40
4344 30
6865 43
9902 30
169 18
7150 21
7540 30
7879 30
2720 43
1025 57
316 30
3530 30
1938 57
6227 5
621 30
2398 18
6874 30
7560 30
4167 30
2955 30
4591 40
6213 30
2612 18
10370 40
7937 43
3201 43
3765 5
6539 40
9827 30
8207 55
9421 7
2425 19
5832 5
6966 30
5635 5
3791 30
8681 43
2018 43
5120 30
7336 30
8304 30
3179 19
5900 19
673 41
6354 43
2324 30
5977 30
1068 55
4753 30
789 43
311 19
5330 18
750 50
1536 30
5762 30
610 18
9774 18
9744 41
6713 19
1340 30
7386 30
7569 43
868 40
6273 43
3850 55
8013 43
7267 30
8563 5
8893 30
452 19
6154 30
9596 43
994 30
4887 30
4521 21
7287 5
1472 30
2436 43
6370 19
3586 5
2941 43
1623 43
9367 5
4679 43
10184 30
6472 55
39 30
7958 18
7240 19
3067 30
5939 43
312 30
1226 43
956 18
5982 30
973 21
8022 30
3169 57
5450 21
8155 4
9076 31
1167 19
579 40
6135 43
2799 57
9343 43
8898 30
6970 30
3343 30
7318 40
3987 50
4213 19
3986 43
10103 57
1611 43
1668 40
2559 43
4593 19
8975 27
1378 30
1337 30
5321 30
1531 40
8504 19
7316 30
9728 19
5825 43
4433 40
5372 30
8878 19
6116 40
3485 43
3827 30
6272 30
7835 57
3961 43
6367 30
9095 30
9810 30
8799 1
2635 43
6276 18
5037 43
4382 40
6172 43
4806 55
9295 43
4701 43
1865 43
6097 19
43 5
2197 30
6896 40
4225 30
240 43
8593 30
3438 43
2416 30
149 36
3377 30
1088 30
5258 30
9544 55
1375 43
4688 30
8808 5
2966 30
9788 30
9913 40
2936 19
6015 18
5773 43
4131 40
8040 55
1494 43
7323 43
3049 43
5748 43
3227 30
6057 43
5084 5
9108 21
2365 18
7129 40
3192 43
291 57
8097 30
738 18
4781 30
6844 43
9268 2
5990 30
10178 30
9415 43
829 5
4363 30
9115 37
1614 43
6780 50
7983 30
6037 43
10220 18
5751 57
4015 30
8164 50
2486 30
8618 40
4810 30
9575 43
3416 19
2238 30
5374 55
6062 5
3566 50
1851 30
2574 57
5077 43
4062 40
3052 18
7047 30
9251 30
1828 30
5323 30
7049 30
6660 5
4253 30
3602 33
6000 15
7672 18
7250 43
4751 40
1775 40
1151 30
4516 30
8005 43
7818 18
2595 0
7014 30
1959 55
6739 40
4418 30
6882 5
7295 57
10112 30
3927 43
1263 43
660 30
6459 40
8224 19
492 18
3251 30
7502 43
6708 18
10185 18
5603 55
6699 30
4972 43
9595 5
6219 30
5277 0
9677 43
5131 43
2823 18
9189 30
2123 43
2397 30
2758 18
5443 43
5757 30
3070 19
3783 18
3123 30
7595 18
9332 30
9724 40
5849 43
3440 30
7263 5
9580 18
275 40
601 30
3089 5
2663 19
8079 12
9216 40
8409 5
909 40
3507 40
396 43
10162 30
1559 5
2570 30
5568 40
309 19
6436 19
2958 40
3875 30
4534 30
1005 43
4736 40
4422 57
2022 43
181 43
4997 30
7602 30
317 19
600 30
8881 40
4273 18
2674 43
5386 43
7690 43
10114 29
9084 30
5874 40
9808 30
1857 40
5213 43
9757 19
1173 43
7179 30
6275 43
9676 30
6369 19
57 30
4512 18
3496 57
127 19
3150 43
4032 30
6697 30
7026 30
8755 30
9851 30
7556 30
4284 40
842 40
6944 30
1823 18
6588 30
8904 30
8021 30
1763 2
9659 19
3584 43
9131 43
9992 30
7461 30
4130 43
3030 43
2802 19
2871 43
5290 30
4030 18
3267 5
256 43
4983 41
7082 5
9116 30
1041 55
6064 19
2075 57
7391 30
9978 30
7796 55
775 30
8761 30
4473 30
8793 40
670 55
1269 43
2718 30
2292 30
9568 43
8738 30
2499 18
1707 30
10258 43
8678 40
3073 30
1666 55
3714 30
1415 43
4873 40
3145 40
6673 30
7437 30
7520 5
2175 30
5309 40
5938 30
10240 40
6721 43
7791 49
2805 43
4625 30
2723 40
7155 19
4958 30
9877 43
7731 30
5642 30
2031 1
5640 18
6757 50
1621 18
4481 41
5805 40
5572 5
7350 30
3750 30
5868 30
3885 30
6320 40
9588 30
3881 40
4993 25
6793 40
3216 30
5407 40
8863 30
3973 40
4431 5
2953 30
5507 57
9153 43
8493 30
2954 30
9839 19
576 30
2775 8
3694 43
2580 40
6772 19
8970 30
10088 30
2386 5
8257 5
799 5
4374 5
1778 25
7109 30
5014 43
8594 30
2642 19
10203 30
5779 18
4821 30
3568 30
3026 19
4553 40
1673 43
2682 41
1348 43
3381 19
1627 19
258 7
6428 30
2703 30
10040 30
3252 30
6999 19
7307 30
3395 30
5758 18
1369 30
5926 30
6761 19
5207 19
8587 30
6323 21
1363 40
3642 30
6046 57
5993 40
5701 43
5517 30
7940 30
3230 43
9048 5
10027 19
1628 19
4718 21
4067 40
6360 40
10028 40
3035 30
8178 19
3042 30
8377 30
3799 5
2079 5
7439 30
4287 55
9621 30
1430 30
3278 18
3341 19
7090 30
2834 9
5389 30
9938 33
6748 19
9253 40
3513 30
8269 55
8284 40
9961 30
545 21
4038 43
7 30
539 55
1315 5
5742 19
9445 43
10226 55
6008 18
133 30
5221 30
8108 33
3112 30
4653 30
4293 19
6498 30
2814 18
7583 43
1521 30
9335 43
9213 43
8253 43
637 19
1353 30
299 40
15 43
1424 43
2591 30
122 30
1613 30
1616 30
8857 40
6836 55
9275 40
5336 30
5987 5
7838 43
1333 30
9704 43
7606 30
5821 40
9336 30
7144 5
8434 30
839 30
4063 30
5934 43
2829 19
4990 43
7530 19
8016 40
729 40
9525 19
8533 30
3660 57
2158 33
950 19
1720 41
3675 50
1367 43
1165 30
7962 5
5999 40
8181 18
6558 43
2471 30
3022 43
1736 30
4960 43
234 5
8960 40
4934 43
4257 30
9146 21
6814 43
1771 30
